75154983
69306800
69481543
76278340
64192433
64431575
66753629
62645337
76945766
60471277
66196899
64822934
68698593
78506606
66869523
79720843
79040860
82474727
80972771
82061100
80914914
82934097
79650640
83666429
79142964
1519293
71490457
72688602
72340301
74206063
77245097
70438510
48162501
85002599
49136601
72340300
53702028
72003354
62251014
69313416
76264604
61779570
79937169
79720841
70437709
58185823
359466
49081083
38621969
79720842
58007161
2602881
64451342
1821652
1784112
43085459
73270455
16056330
40703924
16056249
54848493
72757549
72340298
93189146
93027992
93658734
93170192
93316828
93376098
93486526
92525222
93228003
93282811
94336319
94336317
94374516
94368403
92662149
92586733
94335538
71650848
59965472
23715148
82268995
64141674
1419360
71275477
64971288
2991851
65647259
61052295
38666327
279987
1522230
46822488
75578813
72815095
82581430
1776388
17409377
