59138430
69279611
37260455
56091823
52326132
58254178
60851157
61993731
72553789
2271355
301799
15971013
23609660
62782468
72223368
68303907
53946490
20993321
70271115
52539707
47412887
65647261
59483236
47765644
1821200
28460971
51261509
75754858
66063479
16537841
1853809
26729827
63167951
82578303
64923142
68566553
1852908
61476357
23769030
16171291
69264800
33649748
16056386
16056243
47759890
52653488
73160793
71371018
64088892
64468015
63986848
48616572
42303240
61500044
54693343
66724214
50842132
79720839
360189
16960701
22979221
41375544
59092630
1821939
391874
1821440
81443663
78713945
62480554
36223512
48264397
67015860
58501126
72777340
65647260
64192455
61593737
33189157
69306801
2378627
1843891
47309655
61424078
77827864
61592024
75482578
33747763
82571166
47373485
53803765
279190
45370885
61310067
279989
16061174
63266576
1821876
1845281
64281545
15012000
