79669792
2405465
2504192
16056290
1996277
52016015
40508647
80940935
81969406
1834747
73131355
61914666
70964431
50931319
1849688
51733776
77228285
59632911
50914830
61387671
75846717
66027422
2930959
1426470
40821027
23191430
1535891
71458485
67941717
72779914
41600298
1821908
50466399
62328066
406537
46464168
48000700
23609650
76206112
23089938
13198655
76424522
58106637
75153667
63268288
375338
38538173
22188617
73351439
33346019
60634652
40851787
15988212
61433955
35512409
39081482
29041697
50022887
287708
33857190
55163830
2605072
50659337
74331785
1899062
38973994
16056267
47759674
42034779
41064142
74755641
47521651
30391644
2647935
15015087
20835343
63663438
50158961
64173980
66825848
64640260
47317050
64183412
71015617
2097588
33597094
61769247
6043749
79525269
69303126
81111360
53808143
2098191
63452819
59051246
1821793
69253650
2271375
41959073
2103361
