65808641
22376212
86285281
50566526
52968732
51100894
38529657
29001405
2930277
1851568
46957010
48023667
61698484
78183285
70262447
1855472
53143349
48862324
54001869
2165577
37597532
2134563
2929219
2252020
1848126
54794048
81995905
54437113
63422233
75281868
44992505
75847342
52968733
1877068
359525
1821446
86576256
31587762
70241177
64909646
54569188
54051162
33878853
51940612
39184310
2135201
40824283
2094632
1883538
53701473
327109
15727771
359536
360773
74172805
49206247
36317280
48031052
30223263
66930585
76684448
54799113
52826758
1851545
21996641
1427927
40149022
46458772
66585281
80871354
41664019
1553758
53810242
50187034
16422899
2984700
389473
30971725
1848189
86600598
83059814
78256354
62688870
28964096
1494297
59093168
55131330
20836146
28979072
82567648
50987713
50842204
73394636
28667282
1473241
281531
53810814
54002356
51936596
40700423
