21706192
2120215
359962
1530022
66714660
40008457
70748342
28664966
57578948
22239477
39442597
16056230
288066
1847427
62061853
85413152
83544769
285990
49455221
51933502
55893654
51346823
54234410
64923600
73050028
76735186
2034359
47662848
51439383
66195795
77836601
49181121
38504078
47311361
1834991
55246172
36699498
30404565
58026795
27706388
1478170
17582582
72394140
3077747
39529409
1949488
38585109
48747405
48024618
2229374
47803944
2651906
2033475
33874678
29326520
1852958
1853733
4429487
18135904
86665286
31934364
62172240
66696720
60582971
53808966
23710441
82527283
33646437
37277257
321826
288211
57337473
53807846
33864436
2135975
55832801
1380522
1821673
87628108
16869966
30913396
81897421
21289593
49132356
47324845
3433593
64287896
54188271
76009244
74470276
72991747
26935224
294962
31482146
1821790
42313359
80592145
68993021
42175795
5982933
