66831990
75298090
49337805
1852951
23556052
23608187
55863796
27199792
1848585
44753900
41910802
36223461
76575308
54442546
41587530
359828
1589701
56673357
83633045
56164307
2134169
1852956
48876708
54868297
23082595
57248387
79415307
63425543
63082206
72321482
51914511
18206930
355804
78144771
54070318
47918401
53803776
39526188
40798803
38498743
26049346
301800
72340755
41686305
80961677
41686515
53809542
52039019
39131883
2473086
82285229
66933817
49037932
22085297
51001133
53298696
288284
46090227
54178198
48331103
87907389
23048527
36606856
27849814
2095665
2741200
54936942
2510007
287525
15972240
1847280
78807953
64600129
76782574
2179211
50629843
32242619
33189163
68305309
289431
39504191
2103189
55246109
2251557
355055
15972231
47218138
15727884
86581889
78799547
56573514
82619619
82985939
63084984
72762527
56514608
78534566
1986887
53330289
288334
