23049286
51439360
84845086
61617637
78199858
74909606
55147533
2853423
47519614
48881302
49656216
82938294
62703701
36841501
76643620
77041571
79791084
53823418
53807118
52243236
1464108
1522232
80239049
81401175
85778397
79766433
34820389
76036477
50088585
40485693
1897607
27065632
48826248
53758631
2442189
16755333
42745834
1475779
24109060
391883
38423423
26484569
53519885
31822846
32480069
82643337
33492120
352418
24404277
2390427
49101778
52149757
2075378
87733764
66672480
69274589
61409802
297326
69336835
16056211
17353663
54884478
288356
40367454
80443176
1504271
79733130
1494296
289466
19874137
15765656
54402261
2679662
62005584
49170684
1441264
69308030
38667038
74227717
70500634
53810425
54496241
41594140
16056364
48858565
400404
1493860
26954524
77143434
84123363
65825536
58119922
49101762
3015236
17368926
1466477
1482846
1847326
79795866
72758568
