49036914
21808583
40714217
1466955
279173
280251
1850443
21706268
51299677
361477
1532381
80170085
78553120
80254426
17255924
76735344
61920522
61455548
52608001
22374967
24743732
47839313
2144655
49807554
23293948
67809849
24743716
34067358
40824293
24418562
55892174
2417314
1845751
1846336
61227579
49576797
1580060
33332934
30591267
61992663
68102157
61689982
83580893
63511063
50157558
39889539
37593782
21839120
50664712
53060756
378600
1608290
17413014
48416898
31710019
58413882
74437569
2034674
289204
22902951
53808718
2166989
5769411
16431434
49321011
344449
33332829
61660072
76722878
77597077
370219
46861635
27974774
51022820
30729480
3211569
78523614
39391700
28406827
1888271
1955336
1849904
48633751
55340536
395996
1821850
65898319
24471640
53840537
80183033
288170
66918593
58740756
37792916
1951602
20491858
47614872
281536
1846274
72314752
