16631338
59627767
60025570
49519491
288227
290834
51940617
1851266
2444141
55973826
4747529
361479
1847632
59684134
80544971
1610607
2081461
20821999
50954866
56207884
3004508
40785365
1897269
70482164
68575034
290831
1952212
2430378
18048105
298517
359400
33060991
64365199
80071642
63159595
77936896
36663177
51849153
49899653
2093198
2099102
1992474
85536570
36746406
65940538
2713957
50707419
44753886
1873684
66835903
24743715
4780944
1821698
36223580
82985929
83126229
67272647
54605370
2096326
1853431
18048118
46710373
20183186
23242512
41529206
77780712
54454921
26418195
37808255
16056209
1853986
26932918
288028
361503
1487625
1770730
36542882
63168590
60467094
84467850
27690705
2378709
33636120
83143424
85804897
47350999
402600
54238695
39849473
2134143
40328207
1850920
2696826
48712953
289397
379404
1427929
15727731
59158826
27713923
