48157489
64847517
2414217
3046600
53808181
51829596
55698598
49319739
64468020
83969134
60055471
48187258
1471884
1432975
33656090
49466656
1853327
55053280
1821740
50209819
83542717
48326096
44634935
30656703
84618411
1856149
49571417
78504569
2802868
1957610
50707417
1419418
1847659
1848043
62758338
376157
297283
73100105
1853503
55894248
288283
45626123
83141641
1674203
1892163
67769523
49967411
35628823
38123264
2686555
53729332
359827
82504469
82494598
18064929
36500629
68666167
82985901
77936895
81008126
2033989
48634971
51237100
26893972
47361546
1821891
49513661
63373590
83408629
63974080
34192792
48563671
49909032
37199794
77138034
61389173
1745882
1469960
33332375
288673
68238765
80234813
54480950
2709519
74831206
60997339
86460111
36542890
64394147
79761576
60719468
74908351
54907848
49221897
39328169
1886268
1951533
1988454
49519245
40149019
