64566086
73397113
84616158
287593
53457938
2698852
22002075
288866
30546522
44584002
84441467
51536744
40384854
30223276
1462737
72771067
49810779
49607855
50088864
2104213
16056282
18066947
49288642
1426510
9863833
360191
64773752
73552863
71383614
51849158
8197465
1957659
1799564
87292279
36395416
58140488
82346049
78366071
83637775
70437505
56543032
49471602
53809430
52449073
39010821
2146794
21946113
360064
37683328
85781101
82286012
30047730
4004822
53808932
2097546
16056580
3305906
1475595
59623033
66060641
61718589
74486842
61628469
2271592
39241221
50222602
61847844
78334016
41302944
2853433
2004052
53172607
2383476
1821724
1466723
32871300
79193138
49066001
288818
69308039
70132142
47761952
34914805
1976410
17973914
23082597
53140148
287651
279256
32997853
79040154
60044245
17259760
1543848
57007007
2066022
396213
23097053
1572530
46589103
