26631915
58532182
81797422
37425267
1542083
2193444
50707422
70749073
54199331
22198906
53807368
39899387
16056298
16605618
16648786
78693837
51192107
78943900
72608038
49122186
52609715
37204268
40824222
1851573
49290658
67895687
82310895
19792102
36765871
26954496
59740647
49165737
37370745
1958026
287913
1703368
79666768
50291223
68324022
60824662
58404031
26453269
70439040
73291084
52639417
2250923
50253015
54357937
48274543
41131551
78064017
72314354
1520568
51064243
78787928
2928934
1883198
2677623
81798064
80115005
84396080
83120845
84969526
1494295
70374672
53413894
50291185
62165463
76756176
50822518
1440649
376154
67800799
2099057
46123218
48529519
64150148
16570383
60568721
76735187
74939607
281433
38621172
29229952
60281382
2034821
297373
57851047
50267993
74988504
54071642
50202497
2103195
2104251
47501297
289458
346020
21828588
1847723
1848001
