36699717
63341037
51658828
16570384
1462705
3097010
76721054
54417864
37503199
2098046
16056385
73800074
68245632
403523
41740449
44757340
49372790
38746106
88070692
81401629
68718302
2064374
34164351
35295836
1953234
1851333
54893532
2421959
359813
16979209
44735001
1553883
50718432
75919210
56146180
48483178
28995119
2002073
2668447
26275464
22134439
2417168
64367618
67800203
82990182
336437
288045
1911883
283864
2580800
53810767
2103940
35481737
2092906
2132925
1851443
1878439
287824
22189805
393746
1796746
62192913
61171276
89117598
71876871
76019462
2164624
53356433
360095
1821646
72994317
61271795
42303239
33589967
68568705
80961488
2506818
326813
2059380
288210
82633859
390704
24635690
51064242
49287320
50293407
50495013
53988131
33777600
58419720
67267641
38497173
17251553
2655420
49847991
287924
40876161
85542449
53946469
48024263
