64065592
346037
23365795
389947
61025167
78083764
2034534
1720609
286863
59684107
56326461
49364308
72293338
49356043
286244
16596726
1821655
52819846
34662300
52626263
2100974
67481516
88002519
61480350
47759893
68566947
43146879
77404584
54071637
359388
38381190
77165687
50483222
1821800
48273547
76723642
33189166
282791
87687627
85499143
14969377
66367299
36223570
23098671
54799124
54713729
1580064
38683051
49527109
79526242
79469507
51887638
2089118
52978868
62642776
31574854
78138911
287592
54604108
1781805
48910084
32997862
66952846
33188249
45032760
25064104
82067325
53818486
2144689
65927700
50291156
1821265
37779713
2097746
74852157
63731646
41142315
49990449
6371234
1821867
288503
17075265
30592616
55227861
62665359
360061
50305776
1532379
48569371
61524769
64468489
68132618
74948300
60672740
75579285
52415551
2095133
299930
69246126
40700721
