79193139
63338618
63380032
42673008
377665
2130412
2099566
1853244
48910083
47315627
55766630
69246768
33602961
84108139
76940709
81200022
287953
27669751
22957986
75731175
69872995
373574
281521
47768869
51859461
2131635
23801801
41232423
1821767
80164385
64460035
66687940
68311545
50204631
72696957
72762378
24743725
37372505
33833086
3001354
1979222
4500259
50220931
288049
1821799
1846687
52533083
43041319
62192815
68565488
80377425
81839093
75647758
66759839
66779495
70592890
2138847
23608750
79103041
286028
49165711
35589659
359557
1821784
37100420
72350612
64198800
38667613
36818848
80038360
69242860
4600509
51174570
1779929
283915
288608
61303663
2134140
2098292
1845110
48476203
53024950
27971362
61642606
75479232
2065749
279246
50737740
72758617
70365670
3000476
23038283
54981484
1422619
53314635
53649460
48328974
83505296
66554723
67841400
