82985593
83081576
74466310
59550673
61259484
52360365
53811022
2566879
38305866
88960342
48196712
41064308
41094633
36475254
52105693
336422
42883584
2154931
39131881
39135954
1897622
4709547
55894104
53712400
51534451
51583515
2417312
79959024
361400
1848086
53511653
36937402
59620811
84396078
66988618
81870601
83487490
28761023
38660796
2097578
4155236
33940531
61263094
76738619
286490
71336751
49076656
3004151
40875301
2098516
1852916
1902295
50224956
286570
64401130
60516161
48031053
41529865
36865284
64994941
66713547
51107605
59092315
78983749
47759892
38119044
1917695
50707423
1759421
1840502
48623967
54178197
17223627
40513155
30362108
29944704
336421
70304100
397341
3756138
75977897
48819644
48594257
52036956
39420625
1973834
46864291
288596
289486
1847708
1623620
61262942
51658881
36499103
32943119
30225747
78943883
57818781
85300647
72314821
