49169264
18046605
55894750
342464
395141
66748889
61153750
80259229
36606834
47994564
39038075
39367468
38522850
2101019
2142688
5984371
4790851
55150461
394203
1502951
1821711
72003368
61721153
29921763
62382667
76000565
83645394
21011277
2077252
41807037
15327013
1426420
390998
2408696
32048364
37948762
1559661
83211842
82324073
2252147
4707121
50922228
73147672
49928047
38620826
2093614
16056247
29698877
2002302
1897695
47616352
51140644
53338552
3803712
63099622
84689066
42432561
78909208
80928822
62663273
62785357
50190396
71186361
49337804
52753910
23091885
1596079
32629124
83556949
61837065
81969403
83855154
49322951
66344933
2646294
49073652
29772944
1985987
47565873
51169711
1821984
58106086
41034024
23275336
370150
29925006
53716088
53810452
39016971
16967463
2725466
1900378
1850237
46136974
27911436
62192799
60837669
62643156
55228165
49073671
