29506891
17988088
1541757
1844977
47603029
27821531
64173384
49168226
40008999
56279029
75317334
284288
60832544
48820636
51812719
37210135
2931848
396268
1976470
286166
1821755
55227846
61955206
1435283
36289423
84916879
61385684
71023484
398560
78063859
51943311
2096554
2145415
16061098
16457329
16499034
17554855
323547
374130
55247950
61050818
79761424
49170217
86664760
21808011
310058
74392525
373571
77227092
286152
3129761
54462106
39516939
39898537
29041691
19977336
54672468
73399637
70240944
31612914
54289831
1986896
47372868
49409507
51204974
55746797
55244453
290334
403725
1422134
62212118
59939240
40204746
36894030
63130403
78256368
355803
61571767
65797912
73971790
286248
53807458
33915125
16056287
18299440
47658806
288804
5950561
361099
281150
66220426
76424843
66713546
70456069
39427473
22200071
33878726
291534
52366404
22865373
