47771997
38522860
15968722
53729322
2251976
15974269
82659044
298812
80234815
64288022
54022261
39937005
38500571
16056366
1854061
1821706
1844298
1821593
62614455
63117775
83007883
27974681
2120212
78235079
57578947
2645472
53810948
47881516
288591
2991856
57189422
26727972
83505298
51025597
49320227
16973749
35620002
47765626
53808135
37153178
2098517
2878651
380246
83201453
50508758
36933499
59654412
64956858
76722892
54358708
288212
75967366
52349743
50165259
2077201
1996467
2007017
55746795
1821814
46022818
83170022
60631253
2605436
75962647
40328212
15928717
22134898
55384035
359610
360011
67744625
59246026
72815449
76683832
71991721
51754594
283550
54198395
49627239
51943310
16402722
1978854
380324
81870604
82204688
41433944
15033784
1956723
1852964
50602728
1422120
57873849
75129360
42006608
36724228
30182396
61559625
64595103
2699980
61222930
