3079315
2098768
40923813
1846951
82561720
78777654
75739334
2035840
3402112
50707418
49326932
2251845
39603528
2096372
2137867
2100460
4924102
1427928
58087612
83657164
46199059
62192881
77487661
78526418
28468130
2120217
31476749
73644215
47762735
39777722
2103454
1992314
2679097
27327081
33723168
53452437
46198695
36223546
62382660
72533101
28085378
2446563
48828769
30343236
12446667
48781775
66648458
67819729
60872347
71061696
2710188
2675313
1592738
1433096
279750
4038067
289433
23988829
41536360
83089246
62792885
33682434
1953035
63335329
78868377
53807456
2928069
2929785
1770281
27841446
1821685
40204764
59372953
60888066
66681297
77706804
3129764
52105138
50868006
2096998
34328308
288232
66751305
49521290
60582963
81304220
287885
45810187
49710302
49558357
37630631
2093894
26410965
289255
42752839
50954805
48331118
40513678
48134142
61294984
