77027432
75764964
35922723
78956805
37542041
37653315
2943940
53348927
286317
1778394
17987351
86630101
36544173
29952809
47945091
64614464
63818473
368922
58479488
2605064
2098539
2135971
16674880
2250908
49048265
2251344
282153
54929616
49839095
70296993
54594309
3068507
47767997
48501487
54477682
3001517
50336312
50209730
54751864
69245098
85898932
83573455
78943856
80973854
62594068
360531
16596679
61956009
317340
77726861
64684435
1557966
26902656
2611979
50299438
52968719
39078424
39577885
50209867
48897596
1849332
49244907
47759773
76219822
80900464
75383056
76744726
79724572
58619873
56319099
2417731
53814195
39847093
39938712
38568799
2138035
5981886
2726767
1853961
1845760
26593082
49348765
36223497
31482084
64808144
60055317
82985926
310177
2414218
20787455
53990646
51803975
34161121
29746326
27362603
20231684
49576976
59133450
36933497
69336909
