54643441
21424069
52232443
37198619
2084084
2097596
47314265
47556546
31238176
317993
48246234
31883511
87628147
69738306
50846267
20220932
55154993
70454563
15448185
49444782
29041658
1900750
46864289
47373674
399453
72975056
307535
54629293
47565888
60710835
50277182
40969886
30913401
36223458
32630442
78943929
66180547
81876788
39534981
79047592
50157068
51671539
3011688
2137858
2944470
2646756
36223598
57999100
82326808
75229904
75961724
59176711
48781938
2098296
15916551
16056257
54861168
2156886
2417766
57432165
48602046
2143695
49320340
55288195
1536052
79484747
61527536
85077075
64434194
67634237
69295845
58976216
78186546
24642576
319012
50706278
1660578
296149
49455163
17582753
47316595
289028
28788298
83471347
63926770
63984285
85417057
72599897
37293043
1841131
65832193
17582575
50950945
63374586
48038726
1536067
36078837
28976826
25101930
20605181
