47329301
26486932
1846504
64773264
36545496
56639564
62219507
59229225
29265357
15972238
39804418
1853842
26910630
47757654
381022
370445
336521
1846755
43163989
62363235
50670584
1474181
49348818
51985031
16463684
17343139
2723527
5103725
47658879
49797196
53202667
1426541
359965
47331187
85441356
58008041
56670545
21500738
43627623
60681984
72140365
80234820
54238694
48614160
1922113
53661995
359440
403645
37562505
1844441
53372324
55227855
1580065
43041289
46002697
69274529
62792259
1510485
1486868
54543058
50166320
37853866
16463604
1988503
1853810
53156213
2267588
1596684
69238060
77138032
66598108
76740578
81039109
54541863
41686516
326792
24716387
47512702
69493601
1956830
48861119
50386343
50761266
2383479
23049287
290518
1522691
1821684
1821741
62494850
83147568
85375810
85441357
52849559
1510792
61452102
69358654
380872
87395004
65901188
