58313619
61865290
48961010
49337814
2103191
2099373
46687690
1842661
40403494
1821654
1848933
55227852
41910522
36223470
66510438
86143821
50511620
2805746
1850915
48911606
2701266
79987318
1821455
88004870
76805707
37252334
1453083
76756162
1466013
1928999
297282
70905991
16056531
1952159
50718200
55925903
405127
1845202
58147873
86617702
64197231
48360987
46458964
32234342
30223290
78788750
66604889
86353901
40484650
55017790
40986751
52088988
51032511
16596690
24003945
53776864
55653112
30405177
307885
1494303
56851414
84849634
1674582
61591819
73397118
392642
2418165
287998
33609373
50614293
2104240
2144945
40916000
41594250
16056301
1994617
1853726
50408033
51172541
26057229
36178919
76383578
59687667
3937900
53807258
359640
54468278
50922227
46072998
61452125
65947962
50941552
76785742
81870603
75282381
63111933
2577403
51601147
22460850
20680349
