4038047
62168485
34306731
64126100
1464106
60270713
77850484
36561584
36700413
56091825
289393
37145391
65885588
79114932
63153649
17411928
59621311
406540
61533344
61482749
69301255
41073845
47265863
60855844
2604159
17967640
1519294
51598712
47759732
50602893
281091
61847799
61214956
70277929
73900650
63421722
53807004
1848982
1849642
44635305
22108359
55655074
21815653
2613012
48000704
6562208
45297951
70441563
336438
16056293
85321637
62776362
66692745
2249894
46589106
2837933
58185824
2743757
68565139
1849445
54693342
43085463
63356154
62556711
34483914
51296672
73317813
64188889
27199001
82269000
37334386
60596145
295953
79040825
287948
1978514
32997855
50084948
1821184
71383305
1821610
65808639
36223622
20800873
70437035
16785606
52006780
59087542
56326467
41536873
1776396
51943304
391875
67981044
64191915
47740040
72798482
286212
66673426
1845083
