38532735
2103266
37938872
2902699
1881267
2219224
54644474
33732318
33826174
1845530
1821471
69264392
36223459
31710023
83502542
61338863
60724052
18371180
52649431
58461052
49360664
23899471
24418539
47361371
393915
1855386
377520
1441092
53904357
56609453
80930195
33747688
61896922
76731223
66732656
66988287
54542647
39284158
37208838
2137809
2098024
2137032
28971089
1980367
1953746
2544021
339358
36223631
48024613
30223335
84501649
63974091
2229194
330503
83632230
51050348
1980526
49231043
1422135
1539237
1596081
33958699
54221106
50284480
65345585
76479526
83088272
78325605
78495447
2164376
52799688
1526394
31572933
48713055
66564330
286033
34343254
48610648
17974142
18048181
2110233
24749781
1793260
33878915
53991733
48060157
53833013
48176570
64923602
62192794
55770223
21912551
299088
16860717
50664099
80329714
53536651
38655409
28141408
50545283
