47381686
51259798
291176
30055359
31691119
69250086
75162667
21940616
78868380
52360987
55228472
53816085
48559221
40505235
6787013
1994853
50753701
289031
2356056
25042921
382123
61646991
83085640
86008340
37245038
1831765
283975
1552874
2597564
1886078
1850765
2398917
30111663
47331422
1849687
50286234
46037105
78807654
84601621
74736903
62643127
82225487
66656948
45663425
67023780
49182886
2103183
16061192
2738858
2928843
49867449
329234
1627488
1821425
41074147
30362109
63118190
63833883
81717473
48383484
32054051
59524180
86832046
9863830
2414787
2170006
40965664
15014669
2698884
400819
1821633
53988139
69308026
36205021
69268033
60667048
72767019
47554714
279187
54980665
67869007
53835951
48610836
37209373
41551845
41594141
15737910
16056348
1883202
23293940
54884460
1821428
83142352
69263687
57080749
62167276
86581847
52217261
280121
17271320
