78148336
62467632
39037519
29041662
1892360
2495940
15035817
1821487
1821566
61281955
36223578
61424723
63442345
86324610
84603852
37423712
2064323
64686117
286300
60636584
70265975
297332
47562810
1821804
1844689
1846511
1849034
53963122
62841082
61392182
1530023
82985595
82065520
72761995
1519529
50723313
24069006
18371178
1520322
398625
74971758
1951560
50706158
51306311
348224
279789
67014087
72350610
60995711
77432949
288597
79795867
50857449
48056544
69610126
289366
40107925
44991700
24746277
67024925
48508455
48814488
38738937
47534028
53263474
28964114
1774640
79025327
73397895
75254134
16973745
52043112
54188051
61259490
53841377
2504610
1926409
2097065
1995533
1853255
49754041
56351027
54634210
2203093
377659
360017
33940540
60836612
41535538
61376800
50934608
61689989
61116906
76264853
47316204
50198434
16507001
343166
1480831
1596082
