64707537
301007
2379437
62489991
37807791
38520379
2131805
79596484
355807
63303492
17098652
63452814
59231566
60890460
74968338
70098416
283772
40923807
33488446
48339478
303184
60629006
47765633
54799115
52319398
53028421
37559790
29207800
2842011
1980918
1851324
21424061
50605543
49039783
47759647
36223555
59684066
62382666
63819525
80920373
62623355
50884237
50742576
16630938
1426451
1731602
286438
289477
72314750
38632820
2144518
2844816
1957529
55246110
1449019
74782451
79526243
64557406
56621619
80803667
1510548
2508998
336664
46833791
54102874
2840816
3015809
40623122
34103733
286263
359809
379397
400878
36543034
42317395
78104849
86262363
79770500
302648
17245575
4153290
1572528
1494293
20714908
48232551
54478454
52512231
3012240
2280002
5948521
361797
1457242
40403495
1849515
1821468
49982376
36397823
27801079
77524089
73790271
