29444788
78463176
22380285
54239668
80332693
20487869
54873301
66889976
2095600
1978858
1853565
26893960
1821917
1845968
43614963
32690044
77138043
82713300
86235321
59652639
2462783
50707420
84318930
18232458
72760597
28664969
54029620
50157839
2725472
4455872
359964
360013
1432751
42775935
66672391
76216163
1502701
21123986
2710184
67814637
286981
53807741
51099119
36028458
2931684
1988506
2652690
53234867
28664912
16499036
359389
41096580
281568
1846420
82289483
79526241
56608010
68368536
82990186
77469296
80338371
79818162
22865357
49663126
69295381
62722847
72801477
52539710
52997785
2144230
2075723
15165067
1950434
21689054
1821792
54362190
73898050
79896302
50954751
87178490
78943875
63307736
49996405
76775147
48160348
64701879
53927605
49101797
2101305
16056447
1999966
21792335
49230946
51261511
375166
15738339
47747495
40987207
40987868
41934990
