36732640
61389595
1502955
53807299
50162586
2103144
41817487
1919831
34641084
1821770
48140376
38657900
36223572
60887756
54571157
2096698
22085296
287504
1821982
1821560
78560217
66813297
43981904
29304443
48828634
49227189
49313076
49493506
41604947
2929712
23097430
56019670
20959385
1422147
73776326
49566490
65686845
1780040
1516703
286069
58552566
39287472
2676630
50262005
51169562
55913613
55565884
394820
27362093
288123
359826
1849050
57578949
36317287
88671036
79818198
72614761
40927458
83359580
4866594
49837113
354492
1459191
45113371
78943915
66957850
81707222
398974
299578
26797137
54545687
1851287
1854032
1902669
48758008
1849516
15727886
69278588
28694470
78727855
61989011
61154367
73394633
77560389
15732126
75439537
63843868
63934680
286260
52628796
39919140
53813373
16056232
1862759
24005191
17940482
53790641
1709299
2251309
287650
