359106
1847716
83710881
85820960
51192321
44008550
63124045
83820906
15974332
398638
53807203
50158959
17018883
1880556
22085741
1841655
57917080
79391657
66121056
61480962
61536750
80544959
23191381
2163183
25176324
54584227
38522859
38528835
27139457
46996936
50706671
48635261
28978729
1821493
63169818
51439378
30987717
60772787
78311990
86334281
2211631
51064246
22865387
53807785
39862702
1853127
17967636
287583
359707
405907
68565260
80240627
83607517
48544537
52045971
56158031
1466746
52196639
24720723
54367733
34852940
2098103
288819
355048
376103
82216670
86581892
48712841
40970089
33061012
86476537
373771
66738214
53810246
47765641
49039454
39113094
2095622
2098193
1853520
48727905
288567
23365823
279794
55559732
68956847
70436176
63273303
49519544
336446
21003470
2179202
17582580
2196525
36399438
396877
3212659
24743722
72324496
2804760
