2091560
16061113
2147161
296313
61302813
57639890
33327833
61780082
281525
22153922
33657105
387356
64095996
53811010
48518404
50047418
2150306
288736
362290
63368498
69269743
68308523
54268056
2101542
32997863
78235080
63844408
64016338
68645208
69423874
4038056
24683622
72208537
3027786
38042423
49244902
49313134
66686341
49077263
48325285
62102111
69336913
58461053
83143426
85541761
83600979
55383844
86832042
51440839
70937099
54547124
39827446
37157970
47372095
47514123
4155234
21003462
1821648
1846411
86005523
59606400
79146006
80948693
62894296
63082329
52177902
40515177
6046342
1978383
23264508
23405258
51537140
2089117
2252042
47553122
1519009
1845222
83891596
64127486
60908662
16493405
29304208
55083449
30913397
2059618
47771945
2251399
61262941
51174573
16713729
61516407
66675274
52158359
24740952
47512081
394046
28169755
69339213
287654
41535220
