40899716
22462056
2136743
3001343
1853108
2677501
4644810
24576092
26308952
32943117
1422123
361583
1821690
61605166
86636580
83955087
85853806
49610112
36223538
29909239
64862799
76728051
78463446
2055356
66611081
60029938
28964092
52609714
41142311
41187297
16764670
16345530
26380013
56353057
398866
47316732
50602020
49073484
36223503
50931321
74968339
71467189
390743
1501475
326694
84395862
65948942
64377067
72000128
53810646
52306182
2096987
2093360
5974914
1853802
14968116
23966328
15988210
1821872
1821444
36880476
76353326
78144570
1495228
73920088
26954493
63465731
2077761
17223475
24927994
50509758
359844
1845520
1821494
1522271
65864428
73219722
82985591
83665013
41187388
55648483
76735912
28721035
33202747
70761624
56824843
62236756
53822427
54571385
49337803
52759952
39610799
41905678
16405046
1888287
24001760
54868295
56084480
2251993
36547752
