359609
47232188
79531112
52936907
33022775
72776476
60049527
402607
21990394
76196999
290331
38689877
27751763
55184102
49325108
49376536
52263891
39279468
2770173
37113646
15063013
16056408
15001597
47322630
55910852
2251396
1821786
1849376
63766139
1773848
59712079
57839683
63187568
64141679
64183413
58915938
60710308
1941359
80171352
63111681
76464913
78868382
2103998
17614565
47306377
53094599
56019668
54980435
1430420
1513287
1848514
15727733
83799666
54614584
61616189
62322126
64177917
60055345
66796940
1825915
2583703
2519989
36530118
66655457
42932718
55390518
2101610
1897684
49308906
1821866
60022493
53139742
48327204
48414450
41073842
81852521
5769410
51874386
2652687
74737086
86932578
53668813
1660579
48712766
48525897
40236729
79452766
64561982
76158146
59140653
2059744
58982601
54580767
47759814
49493509
39610805
1979228
1882463
55205584
80905603
