61913146
37131756
69490745
279835
2097536
82035131
76408839
60686831
1821813
80922499
76553160
67150599
40801568
66502401
22108348
2476920
50605348
78802638
83271787
78203129
1849640
79441530
1821641
54892733
62279559
16056284
30913394
67830168
78247425
42544025
1846041
2587355
76109297
36223507
71467140
2576617
66967590
16056279
82934102
71878156
76212216
29304310
76016806
1853626
78010167
76779145
64368600
84817343
75581823
359887
50508342
54231772
1833859
60824360
69423844
50084949
50914838
63231445
75913608
1821492
28460969
1821311
50933547
36223484
58039912
2093197
50440829
85451613
44753576
49236481
41114344
47761587
61898636
2065794
51218653
62673202
39931787
63369103
80038359
1821985
79529852
64325254
286241
1849087
23871042
57753977
1956273
22141196
47750387
52828068
79637296
74948302
64968950
37172598
63396409
59654391
65949033
81412852
1821189
75125536
