48197642
40985848
36498862
32865260
78986916
70647720
70690450
57561469
290029
1581766
76648034
53809449
49996393
37174222
29506892
1849830
4349046
20552008
47373914
53130350
26973689
1845894
1818259
28424882
71868563
55151301
61642705
56673359
79100977
71992619
72356976
71383281
24418567
61644747
279170
54325901
52201137
52816831
54199979
53805960
25036303
366653
281538
1847901
32048360
53788944
33309699
63260694
2703159
1465140
1513578
33777549
55750323
66988387
52606420
41391400
2147147
344450
403522
60629005
41549031
57565346
62870715
66942554
18259248
66996011
2584144
37116231
1952830
24540227
21927049
2578867
2701269
72863059
79526245
2059381
64790218
18090939
48360304
40228729
38805342
33552138
80547412
81852865
54876761
22069405
37191539
48827984
25082242
283112
51802049
49169869
52997381
6371243
1853548
2224072
47513796
48924583
1419416
48331110
