31324500
74910834
85804940
66724642
58433490
52352907
3622680
77412623
53808831
52588989
50760981
2137344
21645596
47309051
56070619
44990651
45626126
41959556
32662831
62172495
59148036
75973095
83035530
78495419
81723383
66696002
72780330
1542046
49169730
356534
64171186
76928047
53010948
39895991
2103444
2093131
16079926
1922509
1916558
22134441
53621539
279593
286630
17987347
36499071
65822090
80830432
85484467
51572455
16703202
34271696
294891
63645414
50186999
16056263
29041682
49321098
361679
82571141
17975919
61101551
55839644
50761270
49574820
50096079
54169309
2093994
16056286
1979955
2660085
2568613
303192
1821575
48383890
62868892
52637738
61567427
60570926
82169144
77465277
66745017
77857072
54100978
47911019
38468416
2100071
17282086
1851531
1853645
288937
1527483
26593212
29304566
78711499
82029244
72015312
24823293
2183043
49517229
63659476
