2424724
24743719
2158542
2164467
2144665
2929222
47316510
36299063
291755
1844615
53734631
48570456
28689879
77953650
81862331
63112181
288120
49734459
52610409
59108139
69329686
2251492
54694529
54534140
2582176
48511782
49349053
52566199
39219910
16741489
2927588
2696738
24111864
406530
47313980
280252
310991
41163896
61571755
55227850
48091338
89258367
78144567
73921564
82258793
71459926
61349349
21720377
32038335
83608430
48060134
59744740
47780582
54863179
80063315
35255109
16764547
1952531
392072
361083
1844188
1845314
1849590
1604365
57930731
53988133
33777519
50019933
23082599
47614757
33656125
2651911
17277419
2000816
1850000
4158681
23978457
22867786
61289856
1553984
83419953
66134646
69307182
76722872
1747348
2685614
296626
16014501
54002926
49076653
3003415
16823136
1985035
1851555
24001863
46633698
49251413
289112
59801979
83541132
