31934501
61287073
62445937
63279771
2719112
295954
59062945
52360885
2685110
2442584
4637222
50338076
1821703
1821839
41074158
46062961
36699210
36852254
86957596
61846123
86200397
16494638
4948967
297286
301801
53911130
3130070
56394041
72322001
72140364
54247027
41308618
49140170
48621876
1762737
35922719
47356980
18234027
82990604
81467477
1489032
2034288
15973429
287617
33092883
56631928
24704779
48479949
54745001
40772957
2708301
1854034
21971509
50213008
49055166
53430738
55932043
400243
1845876
82041541
44008554
64769115
2537609
77593310
76931033
50620456
53807695
53810434
53817654
33827963
2885526
2221043
53283925
2582174
285327
1821870
1847788
57426730
82254056
65844956
17320774
41549034
60872136
72783063
49323661
2463893
288674
61157503
22902954
53808641
49039238
53808311
39238473
2024913
2103943
38214188
16741277
1950575
1419362
402309
