1502952
69250084
83607668
53299566
84648226
59928215
60686832
80921364
71968379
40344523
370233
40872122
51672439
390707
55916888
52995186
53806641
2097590
2099206
1916386
20886438
20955907
47503170
1821693
86438464
85094617
54096254
36223624
83143718
69336514
61551389
50823006
73838044
1519261
2418248
79641384
79239524
49076643
53808324
2939057
49849001
53373144
55126349
55249678
403604
1469910
49097360
79525322
69784138
78691263
80229723
80230426
75293718
75479306
50476801
82195628
50544402
28683894
52218220
52263325
16823140
16463690
1955536
18048190
18066943
53347660
396183
27310468
338442
1844577
41934988
64817770
50819024
66932191
53810922
53817790
2095342
47119353
406532
40116958
64419636
28704748
64032727
74985184
58460306
76978982
17112127
65267106
2424999
1949702
1881508
55150041
61900314
84392874
64616699
66918595
65677625
58562034
20475534
1780556
