2274638
64888949
64818624
54212415
4676520
24446716
46706055
1821868
1847398
71492298
1513255
66975664
49806206
65876301
36318602
3036928
2595116
1474499
1984644
16056374
70266777
65267104
47738669
2103944
41463389
2094627
1850945
21629012
54157307
61997088
1466831
40511488
36699809
60995962
64454778
77138033
63452815
65805981
87342056
76734627
51931630
326824
33323941
22023920
53808659
28967980
28971052
1850430
1850982
1876851
46891370
47540973
23091531
82559319
60997474
66592459
42730041
36965662
72770523
76734716
75408943
86265249
310325
50706207
48859896
1873687
2060423
296774
51232401
61189759
77170370
49672862
41442936
2929596
1897700
49244897
55892578
27620726
362288
64382460
374173
61152982
85820975
53816627
1520459
38860886
72849500
77408549
80324917
58464565
1770322
1769400
18073713
65988987
1494298
78866503
53810445
40772952
28812804
24547782
