47231044
47567118
51440159
23243473
78687392
1525766
1821727
1796139
40363145
58389142
86665285
85820885
48416550
36223625
30196062
66599872
64177828
81723588
74610523
42431370
46978468
69333538
1582515
69302628
72757599
62489994
41371013
64601070
68967498
48807624
49073374
52849785
2145180
1888959
1979696
1853472
23364070
54868288
20763643
28423968
55246064
87298484
46007814
66510441
61545075
63283174
54008492
67367801
78557242
342457
40371833
76677429
1494302
54439581
54534473
36190596
2583674
52553382
2725430
50544673
398227
30291123
282162
386475
379400
1846399
38527418
48331157
83050905
313666
375855
2415805
62941781
54862825
53031928
35837494
16967464
1957618
47553656
352818
1855379
72790043
1849305
1821563
86940614
69353556
62653161
57366701
1487713
1453922
48595549
54328546
40107210
55981634
52763542
1949638
2064980
2198624
26951745
23191395
