47218670
2251296
34306739
326218
63359893
62837318
59244223
36542871
36223557
61900435
85330645
22865381
1550308
1851360
1537660
288655
33460050
69276269
66841209
63749932
279895
4047521
50165258
41600301
25259612
23234375
2251583
287322
380338
1843944
33844396
26893959
50325022
71851603
59623032
67473355
80961490
85915487
61703653
313621
50798436
83665289
61487828
1541719
80240797
2101530
3235094
39367728
2114789
38361958
15033440
1992392
79524640
46593429
87694935
82154485
79818201
31701199
15434781
78785424
70749715
54493855
33878909
49074852
6046675
17967638
26480833
288111
380873
36223452
1845080
47248455
16537847
42303197
69244626
80897298
290523
2034862
79139641
54633180
39557715
58204620
47965342
2103254
2103417
40328203
2097538
2002062
47269799
49277170
49322067
51440896
1433121
61390082
62555351
64089340
82115250
50287988
32997865
64460039
