81464465
81639204
39864464
32863813
53186507
1510854
398561
67825691
2587990
39154627
37312897
2100374
1958054
1853122
24899561
47542738
38532180
1821855
15727885
49073474
48264279
48114856
47759789
45835423
56712569
59832024
62618190
83664752
2100870
83698163
82655156
17933370
2181575
28386424
64145901
47769293
76037078
45211152
52504232
33912513
41390860
2735782
1880807
26973649
34558720
1862619
15727770
1422119
1821716
80067611
62370087
60668054
72550653
1520513
66516695
1458111
1925949
40500014
16061140
2725800
2940531
2668244
55684566
288820
289027
18292938
287801
348373
1448998
294907
1846477
1849444
61902458
69251793
61030787
64710274
55291540
48264108
16869409
48331245
31659550
64597963
60568705
80326947
80897452
83717540
70337567
279485
281860
66789072
50605600
52790137
78533831
2146364
2093883
16061532
2359875
49289118
49867952
49059783
