50508280
32901922
47236209
291398
26954500
59060394
82985166
86671518
45572593
32197088
33188262
61316049
76722879
73821236
65808607
47459061
19976444
60182961
60473844
4077007
53808664
53972245
53808967
2138438
41142310
2093843
16959422
1922339
1897697
47963557
63442361
62080059
64142368
81378120
22007524
1770087
78203944
50219785
50286230
51411458
58461054
279579
3053664
49101823
39610688
37384549
37452232
2099632
2133060
16830578
21686036
55873987
28971921
56396205
49660043
53621537
17403290
60709568
73875424
35925072
66647652
288215
351251
23275473
80464219
288456
3433642
49074010
51726693
1935819
40773045
2075781
38193243
2725490
1919900
48910085
51439381
53208586
359678
1539387
48430948
44991701
46198292
58074279
83972223
50964403
61652065
373604
338674
35129456
62605561
73613787
1872425
25058103
49272508
49287296
292041
405916
1540930
41073848
