1478029
290830
2103415
31626598
63067803
23607051
1848338
66380772
23814701
52939583
66928204
2077152
78234230
52734217
1821945
62913931
47771949
54021414
48024238
33939224
360188
36223508
15727624
69251888
63370123
61797348
47657017
2501294
86285435
58344514
1844925
1850997
281718
64937503
2361373
15059901
76739187
77884485
20836409
279186
55210385
53807346
59711947
60519079
57973949
1953664
288935
52965562
61497621
66787961
36435022
61996347
50914829
59211738
70447084
66214302
64374675
16869398
33584502
56326465
50842158
80187298
21735347
52537218
75129359
2066020
48233026
64089861
1821508
84501648
359616
286537
70686278
35765785
84501647
80335524
54539309
42479848
40010942
44008559
34049625
62721574
78076931
72768004
41391329
70592888
36205012
5846126
22050198
74465098
40204877
76799506
83770976
48339869
64457506
73637287
68565491
85186337
65075626
54592481
