77110214
61387672
63974084
56340379
1450122
66578002
64078817
58461055
2414312
20678043
72688606
54685780
2100761
1885620
26593289
2575185
359430
1849441
57591597
36223505
78943859
79245123
80038356
64152981
87342106
53573796
26935101
336563
42453706
50535368
1520201
70435270
2251525
62465141
2093626
29326609
1976421
2677622
2672609
3392969
289116
20835277
286410
23091560
1457240
307613
85371244
85441355
30963655
59623036
62192864
76735189
76941530
78478929
74844449
74909199
53885739
23282112
61652138
23925765
50544167
287664
3044477
48231671
51754444
51064239
1885615
2698881
22109721
47728120
50222601
55334297
379381
1821944
44390541
64903927
84897680
76683760
66967591
74977775
80234811
285409
60711242
63622744
39293542
41239883
46633723
47586115
1976407
1844780
1594716
1746824
23082683
61292001
57843492
86634788
61689981
58398828
78183283
75045226
