87167898
70484118
50773428
37150253
53549441
53808133
2147164
47356767
388662
1844201
1849032
28717859
56819170
79742372
65345398
61618700
60838641
57770027
37425174
51190258
48470122
15727447
2060957
75071514
285489
2608918
75129361
53904294
53808122
54371676
52980195
41551846
1850571
2146490
50262025
1717848
1818101
48712809
40204881
36699640
61479748
63478708
66979045
72788680
78691228
75633830
33488450
82313079
287599
23243842
48060154
1432748
69336988
47978107
51940610
38496074
16056414
2686554
51537102
1689333
62600927
60638433
36258933
38848503
57753972
1494301
3305908
36071036
69335495
80453054
60574943
80234823
2153928
41557365
48635061
291684
1681608
1553663
1821568
319952
36699666
63098100
82285164
66696718
4103072
49376508
1674142
1441494
2566868
60204399
50169558
54454884
49423333
16056305
28971094
2902697
2929037
1922570
2002064
50784635
