287854
370429
400144
63830460
1520312
41069020
65906188
66510435
82410782
78553696
85651195
1681455
17533199
49928652
36198313
56065327
53519894
54545942
40561572
2097151
2098078
16056381
2002850
1851574
1877126
360560
54018844
43530296
1592736
1450284
36892046
65345809
61598817
72016094
64730759
21719837
2679670
307877
51627793
52645975
1519275
64064585
287489
27655112
6044704
48829629
49051721
401687
379251
68539264
86630106
41910520
30223308
64645479
64627206
51490528
47551648
1535894
344461
80340553
390705
54875024
2546752
2099336
16451869
1854099
55755356
1747355
22957991
66596182
49341042
48132680
83210029
65906186
59187226
66678070
2101267
32085387
286299
51101512
324061
290835
48642605
63595760
49080743
2198626
49074871
33496236
355712
67878032
377515
303178
1821423
48024623
42076868
36223529
30179844
61035221
64381250
64630790
