61152955
58451985
73394645
82396190
72550777
61337133
72321058
1809998
17596820
33973947
287887
3111865
76354534
64922963
289087
55747994
69783628
54175109
50022886
38440433
2095616
2130426
41391328
29508911
1851053
18048122
23096675
47656702
2023764
1461757
1847571
1821589
59640843
49072560
82990184
61298418
49466456
2469490
17582577
34701263
51652442
48179626
1866134
78787117
3004932
37199974
2076682
27717924
47298880
53762886
289035
1679762
2252008
2506821
287243
388678
1821456
54614598
1549682
50408353
66975669
48273763
38683141
78722786
56997277
57567709
73778005
40788567
23389471
76978988
57818797
57843490
47770597
34047708
1853536
2338156
359644
360007
360093
38815796
1821749
36507943
28788449
50937177
82807898
80544958
81786486
23925728
2252046
20221668
77597043
75803386
78529093
2605058
3004772
16061101
2713292
14932071
24145477
55766626
