51263748
286135
310746
22344182
53224616
38868000
36223541
75524350
72000699
21820293
60711035
46078169
2700990
68075979
32993983
2606988
2784625
17249108
1888259
36841645
1845311
1846410
1846892
72310594
85418740
1437954
38810186
65845813
81670164
75479151
86244122
62784192
22419175
1518201
281787
353986
344453
351299
25209518
3433579
1466953
34327411
58774064
70447439
53810442
54781340
2096891
2093634
2928741
2359864
49074870
53652986
23092079
1422566
46754445
67015126
51310850
42748887
77138035
62363495
76744106
70481629
21829090
47324384
23814421
78711510
64915613
55682985
22583909
52940138
2527283
40773053
40784601
2685462
280935
1849658
1770066
49352283
83561385
38628866
36223534
84396083
77009787
80871136
86153407
60044437
81321251
1825998
333088
2193583
78530054
38332589
2350192
288949
293836
71383949
53813058
54023394
51657625
47646079
