370436
1846466
1789556
80174694
54178194
66860395
69308029
49517603
41549036
56608735
58185306
4333005
82644915
74859237
52016955
62823820
69264265
70236432
288615
53350211
38742561
40623133
2938522
1850273
1897626
24551554
21801503
53050898
304294
23293941
384992
1848611
57189994
64933277
72764953
70262448
50095713
64324684
52436363
22119422
323770
26505669
2156885
80392280
38666010
48060147
53808107
52177285
2166933
2104948
16056295
16056535
16823139
1958100
20217702
22085627
49319604
54812738
2379434
20222951
15063006
58254950
82571508
51468981
1519577
45027953
77260805
66581396
59055916
81067364
344617
286476
76795262
76637298
69506518
300190
55256678
2378716
71040000
70758899
78322838
33964959
50291112
1770033
2251579
22377238
379249
1821639
1844758
1847607
58702447
87250176
40970088
33762485
77146386
72719815
21441356
65940070
1466604
374825
