55823889
48171737
319307
36186048
47672563
54113530
48568027
49021073
49508626
39580275
2096707
17021257
2900107
1957214
53416782
55746794
58807072
88416730
53816629
61227494
78448988
80544963
62897923
23091954
33542854
1674600
393487
37785536
61205079
61262938
48474558
53807400
50085090
37767751
2096411
2099122
3001185
1918286
20982918
1426540
286867
342789
61425471
49522808
42646326
43889677
36699686
59654413
61619109
61689983
60838498
58189319
74304657
62719169
41220019
52739164
54593054
2059694
283380
78124633
2361317
47877067
2076791
29041710
2929706
47670216
47501215
54022260
48909401
48024244
64903922
80038366
87342074
62789280
72618235
49633625
50586782
72777337
1577031
54437670
44631682
53883822
2134582
29506956
50410757
55673035
2502579
404919
47316677
284413
1821781
1845879
54022259
50359736
56119265
61159408
50590416
51260996
30729140
59315249
