59419100
56609219
58247864
66950674
2075789
355806
39657942
53811572
2153124
61370702
75736207
15119920
47537577
22963825
23097054
359825
1674465
1848658
72608032
60493531
51725948
1437810
27887959
77936922
58115429
64135667
66793614
309011
319672
67578662
342433
52619933
51537170
1466830
288571
49099047
51734888
37150206
38529677
1849908
49261556
54884482
359537
47316882
1633855
16537843
49992637
48196715
36499097
33060223
59314626
66988978
59192102
61886519
76756015
78256396
36648686
61351523
20222954
336442
16673050
50657474
48060143
60059361
62047794
2510009
75615937
47917021
53807009
51064238
16823133
2866585
1921691
1923964
1853121
50676690
53172372
359538
1848975
82965087
33494107
47191632
29909234
72763755
77775428
75479340
62870734
1873683
48258926
376444
80240564
47977721
2618309
20878362
16019726
28836253
17225917
2946938
22134904
50855199
