381029
1821734
1821738
1818260
49305421
44008561
42991876
65860780
77880690
81717500
1496981
87223324
63886799
26954523
49371846
54799123
50202496
52896420
37209378
37260431
16056355
1853416
2681004
50757849
51192108
346035
1846709
1848695
48058669
54628377
46198764
47439401
79415902
80070334
84576442
60030675
48265167
1542216
50670914
48859875
82586616
71039920
395143
1453937
67244419
2033478
286250
288672
2615491
2414205
53807347
16056399
26096932
307886
360082
28978730
1433046
46072996
77155905
73391391
77560391
66855382
41220018
3371144
25054949
2189581
46825237
2271298
1519256
69243068
5974449
3077739
39169375
39413100
37208839
16058084
5984239
1883765
2677499
51320301
2361374
2592559
78698946
33857204
61571373
1582933
42432037
42076864
61234539
81870600
64110975
355805
61595111
402694
290782
60520484
53912733
52303111
2825689
40784233
