17417554
24970536
22008513
55084221
2350462
288482
68076747
393933
53224582
49230179
50409782
45772640
41935989
78799545
79429646
64081468
61186044
72749240
1550243
50884862
51025603
50444512
322801
80241590
5950566
33199701
74417307
289212
50316857
53807303
53808986
54675496
39576636
41594145
1992599
23091849
51399532
288570
368916
41381303
1607478
15169085
22419455
58562096
72751358
61286459
80181449
54154156
31255160
84551357
63974090
58561680
75642758
83492247
71057220
38488952
75777650
1510576
332581
50213725
37820612
44670805
287802
52539994
51231647
54197789
53031934
2902965
26954497
20243978
20640976
21707469
47648897
50220929
54644500
2604171
287711
1845309
1847898
36545094
42006533
66634812
61668890
85807337
83650769
68305498
70342886
70468959
2105027
24142993
56559364
66881195
2426318
65897893
74494758
42434966
54612638
57761682
57761684
47774536
