81008953
1435196
16324250
66989782
52407516
50353053
390700
33542825
62157114
326819
66208816
51940622
36223510
33864438
84836693
48930102
36223531
70017734
288103
48543933
1853743
60639643
40403561
2252513
14989917
289392
72063879
59684029
76380011
39092796
1821507
62080052
360805
1849635
78721474
50054194
86086344
30223294
82934099
1853492
361279
68565487
2096409
72276850
1853419
46687691
2098995
34848993
61244131
61162243
50023777
395560
63880372
42917266
83699411
48747384
57636730
18302987
42303202
73920676
26935766
52177899
17076266
1821785
62602772
41910524
288098
1848526
23790586
50396162
286313
56608652
2095613
39171303
1850917
72631560
76341937
80071641
80553052
33939241
40714344
74415056
359822
2417167
75914683
71030038
38846481
1885075
1651418
289192
46804888
39759623
2183377
46436066
80991679
1821719
82934098
42303235
27659029
49249616
