37198355
2103916
26190043
55347731
56083586
360065
1502953
1821712
53456102
53656080
54415594
69245760
56095393
49348766
41064305
36545043
30626707
61056080
84458725
69336253
61387678
70449874
68711587
57761680
312644
33159957
57132860
49571423
75762838
56944997
71359817
54981795
2413139
47970530
37158190
2097572
2097980
3356777
49411592
49849003
286384
342019
331938
1821899
48232554
85729929
44758186
61371212
59976299
83006813
77935033
3342894
286131
50707051
2033476
295730
28053063
48056815
49165717
41592817
16565864
1850608
50706301
53631945
54895998
289075
53719800
48392718
36573929
36699664
76336661
80187962
50213263
21706199
26424288
1469520
59073346
65753974
279934
57761696
48713110
51795208
41301930
16462745
1900382
1853517
17579957
3271041
23091361
360089
1464565
281537
288524
1849637
1810624
53789728
55150932
60855421
47759757
40236730
