36644669
81895049
1674695
22865353
329391
1674245
48596116
287002
49061554
289232
33777647
389948
52610108
54182269
51630877
52940104
51032542
2077457
37933313
1850837
2223817
49227443
72935761
348225
1844199
1845366
57563940
60710737
44458708
61292238
66510440
69278789
57713499
82112589
37338853
50379637
295444
50706275
58433491
68992670
1441492
69271890
24087790
53152846
51653911
4052520
53816842
52593433
3004770
2103450
2094640
38482281
2929708
2696830
47625213
48672896
4637224
82024280
38628485
28753004
60780417
61287246
83497605
63286134
81103654
39305434
360143
50856654
48827173
77831260
1771141
36510205
40923853
60876319
58524975
2633625
53809484
54714484
52639406
39348961
3007115
37805549
40916033
2100887
41750225
1969560
288729
34134424
15062179
1596083
61465782
62861699
1573969
36223635
46004179
31710020
30776109
76740329
81010299
73926657
