83625479
80959353
51628787
71328124
2251141
298774
40988117
55066696
49073722
49423334
38943047
39484951
35891803
1891006
4455876
49417747
55905852
55120483
55288637
1422623
348371
379297
1848005
1596080
32629128
47534181
1432960
61689984
57713604
77891548
2100232
1897208
382070
24927805
51103714
1679763
75652310
287187
54641254
57043843
52867581
78800402
53808658
49342304
51099783
39204574
39329060
40798807
40821036
16787661
16455725
17223465
49197422
49287272
49837105
55753017
51590200
53055376
1709298
286183
359808
51411350
68323991
76731221
70440193
21967863
30333339
1502956
61303657
20800870
51537193
53921103
20964856
39150872
39323929
2101988
2098784
2098874
38586534
16056332
1951536
1849832
26935251
23097021
49197578
49411354
50573811
54868277
380229
57818800
71383692
1449776
87162248
36498957
36606104
84396081
75654013
86276768
66771948
20232243
