83770979
40451897
62872954
355051
66856645
79337986
297216
54356500
22902972
71339984
48524623
51041973
3008693
2103654
1978848
1957291
1850359
1853381
17967004
50408342
55113253
279590
349012
1821975
1849057
1849639
23242424
64931389
83648606
40970081
68544592
60025565
64141681
58433492
82759497
62938164
3025048
76606879
49734461
81409006
16491575
76356051
69492224
69245561
39930076
2103095
1916358
1917476
2251310
50530058
54868278
2196530
346010
316630
37113369
23097353
53816631
49221705
67039061
36548307
64349878
65925825
33551942
16538627
76780837
33877964
69354592
53925280
48570276
2154718
38468401
2936273
1850110
17967637
21561316
2375162
353954
35922724
41370567
46007543
1845625
61426007
77110216
63368482
76024062
82410809
72614680
45914945
57948613
1747351
48486032
79104038
60183059
78328919
58983760
47765653
49892747
2077705
16801866
1979143
