1916874
2147159
51347105
297290
1457244
61281950
80226477
40384886
41069015
32766230
59339813
87371645
66610970
62447979
60629184
78256374
80997478
81861765
2035824
50292307
320258
16325854
75572382
323888
35429918
78068847
68566744
1464621
69469822
60029340
54154159
47977708
39516933
3015894
37683564
40872123
41740135
16395349
1982421
2684730
23070111
33542859
1465136
36765257
78874582
57991214
57101824
65897280
66201321
82158346
66730391
54391263
22865349
2999627
48378354
79729496
2252515
49648682
51829526
52364169
38738418
37113114
2095255
3000853
1853253
1853385
26893956
23725431
54634227
55120479
2408697
287652
360040
40320080
1843924
1844744
17263527
36545550
36767303
29907910
57851051
3373330
42013945
1868353
324088
287999
63373637
1441266
1441493
24659170
76336314
2417315
56818029
36344154
53619736
2583115
53536652
54202114
53808132
41194993
