17258189
1952518
2674435
23811831
50227759
53074834
2251142
288147
37049135
1821771
1821208
1821442
49083519
62622668
80038361
78256346
80961494
74999140
54671833
54560378
34820390
41526013
2936120
1501478
16631458
16061428
57602822
49734437
23599556
75372389
61796341
37211745
48713113
51627899
54571641
37411213
37853850
36079127
2097592
15119921
2735682
1850345
1824583
1633614
42730042
57687920
50760877
49166754
5775514
21801008
362349
2423494
53875544
54625419
54714843
52355462
2075381
2099662
2137138
16949219
2862704
2003633
26484609
50630467
54978944
286301
62542143
53963126
42480888
42748977
66671492
59158818
76734647
81753266
72613890
1919241
73138787
29264983
24906264
77236638
69308021
65971805
26586341
51917674
52846347
41594144
16056201
28840161
2150386
56342502
405100
280905
1821720
57578953
79523926
83710890
48567960
44683828
36704534
30783042
