79193142
84460602
61890579
63304381
61227478
75928734
84613490
44479826
34869874
50088332
380876
76385189
76797754
337365
61277006
52922422
24695097
54614590
54365683
51032512
51064064
34141521
34308267
25060811
50706160
53729331
55113252
20043444
38473772
302957
55771301
1573804
17122593
48403419
36498932
31378366
65306441
66564474
61838545
81870602
339953
23539022
1520539
286272
2059382
76376959
72751349
2251340
286862
52797921
47815671
49521672
53808343
16980539
2250951
49287270
23091958
326802
72047046
60992549
61476355
33549775
64781979
60044256
82825311
82825370
80383073
80923301
66729974
20823670
41226466
2196529
76424908
66836253
62874013
77832426
67244427
3586333
2573152
53822428
54714809
49919470
16539091
2003600
47755057
22023511
391431
404928
360047
286493
1847887
54154162
41928212
46459025
36872589
77138044
58445946
73394631
85451611
4002916
