282865
3940265
62825247
2722582
2200912
21971508
69336834
1525189
1681056
406529
288816
57137655
52348578
2099403
17100580
1976621
49137302
54644506
23097004
340060
1521504
1846878
1846977
61240398
47316201
17439942
43999305
36178915
60784006
78601200
83714167
1469519
1510476
354306
1888278
76782626
50932361
17122629
27326918
65928144
65988556
26504387
50253009
54219380
24782229
49105712
52042931
1949674
36079306
2136020
38403964
5434763
1886775
27244937
20190919
53694753
54317135
1977347
1513210
44735138
36498911
62192834
66489583
66988974
68175479
69425196
77936897
80544966
71361105
26495811
20835274
1468107
279340
28703552
28840276
45296703
63760379
301804
55877515
54589459
49511427
2096859
1899883
1902004
1897671
1923025
5949628
47625984
50590777
48760452
55715622
55725309
1771202
346272
28677747
67150175
59060150
36821211
36877766
78838117
