56539185
65989891
85419659
86514881
49476813
1747354
46589104
4452796
65584884
1481255
69264395
47759891
1850461
1853190
1853324
1853649
20968177
3418324
47695902
47414518
1440570
1772494
22536714
61649369
83577257
36223489
80553066
82049385
66713542
43663256
1524896
49347530
47556564
52292265
68559380
78527822
48494090
54357940
54730605
52558534
2096833
2138386
2131786
2853425
1851394
17475537
26388260
47297696
53428537
295923
22363531
73717604
61030789
63086237
48159536
48193209
48361445
47759731
46022796
58124849
57625598
58514519
75633819
70449935
39659685
27117395
1464624
50657227
49036911
70905549
60047616
51275012
5974910
2564339
359695
341858
56119258
60640600
83563457
83542725
36544947
36773202
29304395
65197390
63181534
80876516
81642432
73765332
68282322
1985293
1773686
48029953
16402537
288291
54714717
37292719
2096233
35296098
16357908
2059619
