24102730
23533610
47750288
47218197
4155237
5953289
1845904
1846523
71863363
61161149
59740886
36543414
68174816
63161077
74336709
29008852
1773882
2583142
355808
82780677
77726862
1440501
290533
49992753
5955164
48620775
55967334
55246111
288242
359428
360239
40955657
44020219
1660580
61910494
72140361
48264189
32796627
69294355
61571492
63176247
72786074
76349860
82843643
80961491
49576816
27821373
59267839
68251207
1438009
72673452
36084300
59042212
22981544
2596942
53807947
54681648
37407748
37435556
2144715
40964368
16056255
1890375
1850638
1853890
1853948
26387091
49284769
54829599
19995448
344447
279771
303370
46022819
61979317
61980788
64019074
60886817
83002070
55574115
54646186
1469417
2251393
75458560
50841182
18064930
86832047
79208747
52177587
52513393
2076657
1851132
26586490
22080811
50314446
47218853
288082
359967
1848382
1849591
