37113781
41551921
15035814
17987350
16061096
65120471
58499371
54693341
281015
77420745
37938411
289083
50731116
23058210
61341031
47142954
72208205
72670500
288531
1853444
16958762
360094
3120801
4153079
338056
2104244
37312925
55295492
65568008
78241744
58324547
16429278
29068307
63343145
83050370
21808579
52231026
61054196
18205418
1776416
80704475
83063717
52941236
77136148
1799746
16537844
368786
79233158
46360933
29909233
26051863
43607756
38311943
76278342
81225232
78263079
85544555
2096709
72687328
60055472
53808217
2096552
49169689
1800005
1849212
52968818
1897660
1848638
1422082
53810827
75478950
49051771
83554794
396870
56326475
80056341
66947495
68999536
398970
51006502
64564796
1718443
67839938
52544992
61616028
2008614
4567536
63348674
22114757
67170283
16961419
37103208
64208548
53331821
1887364
82035824
55894096
51049440
3000913
2338980
