54022265
62473214
82367368
33495303
2065739
288008
28964113
381032
41326016
41376055
22902948
40703396
40795959
401742
33163985
39512008
83544534
33079581
60054778
63096306
21912584
22120035
326803
47415810
3283443
1426328
1873689
2361314
2415800
289200
27224875
72762216
76977558
2017975
2251496
20231812
395139
1848358
49365735
36543923
41485153
57183740
64627505
66997917
61350016
61842626
1487972
53352070
40062198
40511657
48145628
70468900
54721084
49689717
39808967
37172926
2134235
2099041
2099061
41600304
2655462
50506714
288335
36643782
1821796
1847162
1847612
1821414
1580063
60996131
62295548
82145928
72321696
63830054
60313406
1882801
374036
83479138
76929729
63328086
1553720
398235
1426415
26186543
49076649
49501284
54394616
2928936
1885623
1984375
2251308
46994749
50337700
32765958
348441
291248
1849546
66989428
87174612
1674250
