1426765
42320763
47759683
64843571
64865675
76570818
70956962
64867485
307790
87695045
283778
17122627
17582579
15988001
40599456
368787
70830603
51425120
58142246
2144668
2007009
1876870
53270807
23715222
1422390
1518606
1848635
2687257
61347226
47585650
64443944
62478519
76238544
80762609
70592889
43163935
54752834
62808740
20787978
2167032
349021
1984629
322405
46158850
69308027
33495614
28664967
2363873
53807474
52643745
2096593
2144531
2098787
2099405
38044452
15036996
1853801
1897667
2673264
4312333
49137060
50535917
18302985
33864463
296047
71384041
57861608
48821613
48326102
36494732
33761299
30611245
30729141
30179843
78755536
63370219
62202183
80061880
75633422
62792570
71475704
59176287
1549937
50200623
52850496
78560146
2251748
58727624
33829817
53776579
49364244
51874214
39568623
2033477
37683742
2131788
2145260
16056534
16869400
1901632
