1853476
5950560
50508676
54854130
282622
287568
36299025
376440
379444
303180
1845542
1847263
1847725
47331418
59606436
66648953
68328118
78183287
78495297
310377
83710882
49318471
48708631
52291050
66311162
76988849
27882855
55977741
53815245
53830767
1976430
1987774
2697082
23871926
47427038
53208589
288814
1770039
287840
1844807
53866178
41133451
42006615
36877748
62192893
67039219
82571622
36936982
47664038
29221483
1773716
288421
286321
50954804
19220746
79759900
54762083
57337503
47762738
39392377
1978252
2003610
23633845
23097016
46641292
54868290
360057
40876144
1831062
82242504
16563272
36499100
28694473
87629304
64347206
78145039
63117774
3402115
2592185
1681340
7997908
40968602
20876488
68254552
64231652
1447089
72693368
288875
61203721
68582301
52230859
33496360
34306740
1918594
46834169
370037
287822
1844833
63125235
55291548
