56608020
69252875
48331164
38867963
36223603
36660876
57188705
64033487
72791071
83050908
78478926
81240684
72751353
1553856
49391044
1573971
2595038
26069597
59797015
73613794
49165729
52003693
2784398
16056375
1953667
19978473
53733666
24381276
288125
23029439
1422127
1847159
81670714
45281070
30362111
79721200
75297150
62827760
29683989
2251990
52291318
69308015
56317799
40052823
3004489
37205788
33830567
40304619
41142313
15973779
16395379
1902001
1850262
26954538
22120014
22134446
2359732
32736161
49230356
1440839
64220130
47759754
47440180
32226323
78943886
63271997
64161107
77469494
41686303
24985034
324174
305502
2930351
34124175
298842
62873766
24129131
23242511
47229709
50409114
286319
15972234
379398
36748594
1520751
62399178
55227854
58501800
82151164
50164664
27800031
79285219
65899941
63129080
87349471
78223508
56319043
1522113
61472763
279777
