53811044
40377238
22963664
51929626
39073430
39287470
2651908
2013664
2132062
16741491
18001151
23913972
21341642
48749750
289103
398676
380326
1847923
51599954
16914165
49734436
42748642
36223493
36223599
59591394
57748598
58460129
75479234
85934070
20827543
2055258
30698946
48905720
313618
2607456
47598734
2423278
53888169
52655397
51050347
2075371
29772690
2427915
49049944
20678270
279940
37220244
38473769
1821683
39916896
31691177
33589968
26631911
66687941
16048327
78187399
16783201
22957990
16499038
30767548
53459118
49521128
51100478
2033480
2004290
1853606
21557302
53729333
29160021
279592
1821441
86640604
45779461
31710026
33092934
64447489
80948449
85451614
66818096
55500383
32225575
26560657
40923811
2165969
50860768
78783020
83710883
2225663
70429918
47765645
49074846
2077009
2093643
16056367
2926997
1969581
1991630
1876854
1681063
353613
