1869861
345461
46591057
47289056
61220983
40511527
46501495
33585769
64664935
62018352
60171938
71033347
25213072
3004168
2271858
26096930
50954865
53057208
6065000
64227030
75968889
41292751
58372457
2378645
52624061
2095765
33849387
16919899
26935882
49152394
53431179
288017
36314743
78857096
61452646
63347175
66672307
85907910
49347150
28085201
16630937
341322
281530
63345682
1469355
24345530
52639427
62915110
50290984
53883703
53808923
15738324
28922042
1853380
2680176
2346182
20234963
23714897
24113879
17939985
47565838
51204852
1422122
296184
1845285
1846472
72691296
46058535
83210037
68075755
60910340
72791098
73432369
78183284
85487655
62732437
40344529
338085
59061638
50291189
48274304
33777682
40968882
61327494
53655061
53866750
48535917
50084950
2190169
38513748
40772946
40792313
2135593
38618100
16648782
1886629
1998546
1853421
1949926
1903070
