50618683
48829406
50440827
1773822
72997759
359642
60629020
51836462
47470740
36223600
29972326
64660765
58045728
56692751
78199926
78691267
21790948
2606994
329990
2587895
283517
287358
48712784
70748294
64714812
1681164
53564979
54198397
54203871
49936635
2096377
33878267
16354781
2716338
1889053
1992219
1851538
1885408
20162617
26059744
50241081
48915906
55890533
55921125
2701274
18557939
36198310
1847133
36279993
36223581
36699307
36968609
33810911
83517302
61349591
64066819
64080414
78495421
66573937
2678449
82543748
48922552
63355206
39331209
2251541
2251698
51226022
49332013
40023943
2104164
41308027
26601539
46417679
50671018
47325877
48826245
53789729
55984923
54893531
2252045
19874134
360965
1846030
1709227
47364774
55738796
48264891
1527734
78790237
57900060
64933361
80058224
66997953
76746050
57668249
335116
2179617
50318938
342770
1443420
