33878200
78034519
47648818
51275210
53807550
53807954
49076646
49328418
37770725
38538172
2094636
2863036
1889274
1849689
50625676
48980577
51623941
54893530
1520026
1845360
54477940
48754638
48354524
41659684
62012598
87695040
69598579
57983774
53712787
39705460
296114
5923487
335502
33650222
82543747
47754371
2251992
48826815
78991335
4250588
36399487
68566243
69308013
26934732
71491459
78793195
50222777
53531286
49376877
53031466
16785209
16869401
17097963
1922121
1981127
3433576
361504
45295129
1847653
55604408
49331637
36771876
32931312
26746729
64974003
76219531
82493687
80250109
62643129
72516597
36576698
1469298
346279
39132145
402605
2189848
72759232
66152415
1709303
2566855
60281080
22364814
53537382
49376655
2011698
2796406
37374311
2076779
2103346
37865393
1850283
2676943
20212011
23097344
46957769
47325747
53322502
398564
286938
64399423
