26593314
74749072
83649779
1470123
64799914
59062357
81969412
66675466
70748257
61616364
55763907
2110029
375344
25054952
289029
49576970
22981691
49573750
51701849
39829247
37150267
15738026
6046343
1851712
1917181
2685129
21954990
53372236
55708610
1834990
342009
1449267
61841079
72223134
52175977
43227491
33095295
56602588
69269192
80927119
2345950
83678995
63402323
74678925
49377261
18557823
60526831
70240422
389397
49096848
63548554
49169177
37441789
37172758
1956441
1850966
2147142
55894116
53323871
55823916
64974402
82285076
54231067
42010289
36223566
82259302
47104179
21563799
21005938
50670913
47230862
287956
33996201
22026831
63111537
63558766
71023486
53547228
53809504
53807436
52104051
2094613
2099634
16641412
2005935
24177907
49244900
49048348
51169713
1783469
19803109
280933
287344
23097359
360019
360042
1473672
55227860
61972976
65296177
