82529584
53315343
17360104
40987344
42748888
36223623
59535697
60025571
75344544
57325808
50211017
48617853
2506820
47309596
1526617
4455873
47881454
79739509
288509
288809
63090968
2415455
53808634
54384241
52177900
51034868
3007116
37596033
33830569
40957412
2132315
1920808
1852894
24927699
53094600
55903347
2570776
2611954
26566799
37504241
1518596
289217
1821717
15727597
55766771
42309519
46062963
46198710
61426005
83143457
59176668
80632661
66947642
72456581
58256938
54369839
51866535
1519164
362334
48837260
36186047
75579360
78083761
64185346
54238693
52569633
33878918
16786498
5985787
1996188
2147149
25259614
47538173
289010
34193681
16457088
1422136
379293
54354641
65654373
48196721
43614960
36223626
62445882
63325052
60563047
73394632
77362517
2024191
24794806
49543752
33465797
48570117
36341622
3937907
46729209
49627132
46326481
66580869
66584482
