2929862
79009527
61524771
1845890
21165380
2033474
15738065
42303234
47759675
62602885
60987436
54070703
36223504
5974763
87546210
66661484
76016797
1759385
48911603
38472806
287412
33825249
71477346
78357873
53549040
78258567
1880824
393758
338062
16056297
66967615
53314569
76220271
61342602
71868602
53808209
32826218
390992
66751313
57337492
23250448
80936303
52954379
80940253
80796111
75344555
63173017
361785
9863851
279837
83770518
62607906
67457280
50731660
50288037
38805320
57041435
3001250
16061156
1852957
78778274
75116485
54868294
1845228
78476687
37248210
2414690
4640395
66645370
78985829
61480516
46458960
81303831
82259282
50783141
76373727
53807935
49732426
36223527
394198
18047507
45626127
2131595
360001
48529516
64141675
32736295
38376937
66063478
22119421
346274
66854986
83613940
61779753
279970
65960154
17987345
65189590
67814643
40287354
