33656114
2544023
286249
286754
288519
29698835
2373431
49614724
53805738
54682413
50088583
41910428
2001233
1854098
1885406
47750287
49057543
55092091
28964109
29333310
37554349
37599433
83542870
62192822
61605154
80639657
65013525
39881080
1595567
1505896
279418
336439
16456613
21302537
78235082
40963576
1440603
69336831
2579222
30505439
58443353
53806871
53808968
34416650
34964192
41594252
16965697
29042110
16565541
1976427
53050904
55721252
338939
361327
1844422
1821413
54022100
48561770
54022085
48244975
61268933
57991226
63344454
82773829
68316741
50314104
375713
49323344
23293945
80919566
58036231
58302613
77726863
1532383
51469063
61363015
53206370
23031571
54301694
49074849
49503860
2103903
16056487
1878502
1881968
4249198
25177641
49788150
55893416
51426690
404994
69264799
61030788
18023579
18163279
48091240
59000840
87347206
76373579
77428845
