28434782
50883797
2361306
71039978
315229
24383409
33777617
18557820
75743610
48020944
63170670
388218
37159128
38043843
41582540
16056432
47567129
47205983
20680350
396374
1821688
1821432
46458653
30389171
64641325
66988383
69781904
61896950
63296012
76632122
86160254
62727271
63375953
1885649
2143487
2423246
80694458
287562
78310155
80234817
24374088
70304018
69335361
54679872
2251303
53416692
49337800
40042396
3004139
2131455
16917980
16463685
1976404
1979231
2006463
47351081
48712803
51456950
18371181
23793053
36074942
72532155
47313717
1846408
1593744
82181048
61197901
83075371
1542066
36755426
29304408
29940791
62011530
68660195
65013462
77488896
48312920
63153475
39302309
2240563
50857448
77827861
63979142
24658297
59548136
61303534
60937938
2373432
69336165
53925272
2074884
16785621
1997076
1850406
1853483
1853552
1853892
47265870
51317869
288121
