359796
361363
362446
1843957
29001409
53888190
60710084
56378453
74332405
59687935
48060139
54832147
85723490
1463162
87228206
40513317
45262994
67839923
61220980
58465615
80579767
74977256
62599495
82286152
38786715
39142693
2225722
51013350
72768018
59591369
1681581
1435195
376439
2510010
60637109
40899718
56394899
53838159
47981697
41648719
1986889
27251475
46633703
2564337
28386020
387858
361482
87227928
304609
33332865
36223464
30362118
57940751
58414045
64812017
62219122
86803172
69696908
63295165
61206878
72815419
83006812
70592880
41034109
50295685
51230048
54642541
47978289
51017462
314195
16014304
48781140
50481473
45740492
59288102
62839451
30662778
286041
288946
57081475
51537226
77045570
48610675
48069641
40074777
3020094
15001586
18007194
24597652
2501490
26572088
359614
1422116
36774676
1821751
1847885
23091962
61273578
75212722
58313618
