48185763
36544053
29961692
33190706
78939864
65882532
61530190
61553772
60888905
78183286
40755984
290465
23097052
1573807
47687775
58983549
48547068
47772749
48462778
53809000
37786577
38520384
2103088
2144527
16755538
6562207
1883196
1917078
2666525
27223364
14953240
50637307
53095872
9863847
312782
40969882
40972596
29909230
31709446
64659324
77230818
62192851
80019665
64620252
61392591
63128954
63153816
81563624
75399994
47345547
31274375
51535199
1474367
27031403
70467563
288138
1437953
78107891
62235282
53355189
53809499
37145267
2101973
34164355
38612980
14779565
1996788
1853519
1853789
1877112
17582755
49814587
48619056
51260253
340835
296625
1844628
23194516
49250308
63133995
16979206
48325239
42730053
36755424
85089633
60888335
75066150
72784359
329405
279196
283701
81091793
20678039
52594211
72779459
66780019
1681085
37107613
45934608
3622681
