2423239
48559814
54538702
52688688
49991702
2103345
17247874
1889799
1952216
47750246
49252799
47534157
2480445
46624760
1821714
1848588
1595298
48334735
49206249
44751520
38896406
32582592
50968427
60529524
70243733
71484261
31084053
54677795
57277139
53339462
21940617
23191642
22035229
25194434
47876994
3212655
78247427
47770504
53806936
38998469
37372268
2136084
16056488
1850665
1853902
47551313
53578824
389399
1847430
1848130
30772805
57640491
89015371
26648506
61450129
63415654
62192821
80013913
66534911
60098586
61086769
74968336
86477774
63103464
289845
1783662
1531188
284144
33168562
49340093
49832796
47995220
21719769
33094906
66837610
23814248
76724197
76953260
52537959
40109489
40806077
47918696
55423164
51943309
57500678
40288718
37933297
16056392
18234130
47646234
49736806
48859627
2038897
286547
360121
303185
1769637
49212780
72119810
48196942
