36591894
29940793
80038355
65876892
65918938
66022726
59866634
64165466
60595272
58011837
35798742
20788177
2064598
2537648
31933268
47365842
36598163
26958455
64911785
83447115
75925158
1466835
1473350
286006
52117084
2392991
65821424
49073634
2131348
41592645
2927011
2930272
2007065
1950710
1853794
2251584
17615116
50703768
46195878
47350884
51623632
375343
375347
35020600
1849443
53904353
47426652
51052017
50091746
42730054
36311467
36494744
78853012
79099070
65252716
68328121
61837091
21353557
3170137
49128346
83580888
64144435
47659355
60635872
63185625
1544984
72223061
2432479
4038045
54714353
39862541
3015383
37421848
38463635
41582862
5953467
16404743
1979415
1956158
21254229
21459292
55661124
2534210
398272
44724525
291571
1845782
1848497
61722189
49211422
89185112
51829407
1466375
17987346
36223632
36546202
58124341
65896208
61327495
76731222
