66675196
55496259
60948009
31606664
1505597
1909791
370156
389770
16023185
84219900
63172518
24273169
72780841
1824526
49806138
4002864
2379159
39580264
37374147
37421170
34138448
16056248
2933619
1899984
1851057
20171268
49767417
53233350
346012
359790
1821758
1844929
50291113
53738099
17122595
41058899
36544929
39307583
47759485
32357381
61569879
72770521
72794762
76016810
82567606
4137117
47534194
2027923
26512435
1474509
33495952
72772548
44459555
50281449
20787359
53475707
54745000
52845601
57503051
2095714
2143174
2092802
16056450
1981108
2002250
27707469
286289
405137
1422527
1522081
1821705
1847907
61308682
81670713
44751516
29304584
63345036
84659536
86990184
60580835
80856534
83701546
1747356
66786777
33736498
1792497
370235
376475
16537845
61800599
49732185
18035198
42075490
64083975
1473354
66986201
2383480
55864673
40189469
53806021
