52677959
50867992
3004391
2098048
2098070
28840275
2928932
2932351
1885654
1995535
1850344
1884008
1897694
27322127
51001831
53094601
46433901
1680615
1844919
55764320
81652409
36788396
31696025
33743185
30291148
62004632
60012041
63169926
61247568
57609382
89393377
80544960
62849974
66730499
80171268
48383340
39551121
52105012
54900777
48874403
50706892
50097061
48273893
50705984
61789473
65862431
1516869
54749608
26142443
56132037
22199859
2378782
24642858
77412605
53521142
54546452
2015627
2033660
2879448
2931854
1998534
1853382
49199843
50701901
50488338
56341062
288873
26893961
1906138
1369251
361201
1844624
1848919
1849666
47441727
55150857
85552426
21175296
53733787
48430976
33331852
36877692
30223310
61478418
79348217
87673101
60215480
58230110
58569895
76735188
82580343
1454280
2064129
320710
41117282
74753595
1715844
72223122
48483519
18246693
