73908486
78526224
2421955
41326207
58563856
58983769
4038055
3065913
52470330
37851613
38453225
50559077
47218385
47541547
50262156
22057659
22058587
1821631
1843938
1681577
59175286
36543191
36547053
28002476
84982964
61102655
57753976
78079834
83611866
66820603
41115547
36805994
20225176
324740
22119792
78183292
28964093
49521006
329303
78863862
81936615
20487866
61983036
400914
30584584
55750617
50200635
59799921
64459716
53809986
53921186
47968137
52230749
52066661
38970880
37411228
37785528
16056564
28921414
2678846
17967635
50262655
398763
2225659
16453598
1370862
286251
1845290
47772550
60888906
16630945
46460057
84459203
78199928
21202665
33319944
21940625
2415185
34232259
48197276
49700638
50225833
64191905
69681127
61455625
61216409
52257161
2414559
54604482
53806934
2513596
2096479
3001280
1897636
1909303
2441502
56395811
289125
2229193
2615587
