353616
1821627
1845094
1821206
36841694
62103276
59973928
46473815
47466442
36223576
77246828
63351528
66672362
60686826
77679226
78183294
71375131
37231264
24743120
1781799
341870
1917473
281516
39121149
47287268
37818024
2035841
62694209
61415030
63735689
1550281
54814333
59939040
60711044
22380266
53807791
54322022
51874228
39663971
37260625
38568691
2142522
41215068
2135644
38569945
15319670
1881969
1884183
53330743
53347680
1370863
291573
1553018
1680775
30042177
36973221
61452122
57974681
49543979
346023
51030498
47622639
2065734
288275
326831
37460101
66583321
1759440
1464110
47759887
54509043
39246260
2120219
33850940
2219638
2252122
18299606
19989250
23710440
19949443
1458019
1570201
1821830
1849059
1522203
83542715
42650401
30987181
77969422
79532161
61976138
57772789
76675687
83802964
1538824
16498703
49345273
24418517
48653288
58987141
