20714562
49171441
279185
50236427
63945073
49493263
1821607
79203645
22867935
31255163
86169830
40492917
1884061
288069
39251218
396880
1652196
33754795
42730039
23073048
396211
58565826
2120211
77935996
286246
46686087
2148888
47739969
41529210
51943301
56326477
2515988
360076
4640417
76681233
49032401
2096898
39164782
29327153
76198152
21795024
22286196
1949828
64814226
64468016
62642775
30973115
16701050
48185468
6043919
2142663
69952481
2555580
36223574
2652009
76278341
2604164
48483168
1821933
22380242
295022
48360321
15031728
1437886
47765635
67839919
64080692
48601081
47604697
2697084
1845184
31934320
86586345
3020753
62719485
72793233
16056296
48865772
66751310
2097744
48713071
75052105
48561907
29304203
79952082
54693344
32048362
53803779
290769
77825782
36223526
50518471
17263528
36805895
287503
66593781
52216406
3003230
64141677
82117595
