71382723
2060327
304601
52516117
54437890
53119478
56422039
78235081
52318532
39104721
39287475
2131092
40705687
15928653
2271360
2429964
17967008
23097193
21996829
49277191
47410597
49734439
326789
1821477
58459100
53306364
40511661
36543854
36766950
33016135
30196214
83170021
65834516
63220427
60833466
70479838
62863130
1550413
1553701
316771
81483794
69335347
26593135
1940994
52610047
47767999
52566694
37156861
2096802
34164362
1996196
26932305
49732431
55175791
2568457
286036
1469150
290966
1845965
54154158
86932359
48274849
40987908
36523915
36961616
60784008
70692826
15915887
60043766
2685322
1953361
283945
1503882
2129288
51001758
288010
2196531
51830529
83098720
287445
288772
53922957
52232477
68578925
51046790
39547401
39570782
2158560
2133001
41600295
1883227
23695062
49062912
288865
1844846
1845984
1774803
32048352
49331603
82571387
