49355791
18073166
36504142
57819729
62193007
83410071
62445954
76727238
70904574
31692663
83693374
84849636
68578923
69282173
64195284
356347
288830
52573199
57652096
2160715
35871632
2098142
2098185
41592552
1852962
4716033
50624112
47314847
50466398
55766773
54633896
53038195
5946703
21707475
1460809
287346
86676479
36542902
46053201
57888663
57083159
64995001
60886823
58189165
76385735
81896333
66824553
34820358
54710251
70743784
49573847
21440558
59804138
59973950
63129833
26951620
47926512
55645874
22179504
47819549
52310073
39018638
39272734
39787738
2476917
2095761
38041578
2696116
2697080
26932930
18299609
50618695
55288644
2211629
288274
23091886
78571961
1849334
23082805
73417899
44583380
41935991
46589083
84176498
84603851
24708264
331849
46602589
29068302
80371247
69336618
52175975
56169029
53807528
48616239
53808105
39699198
2146377
2097034
40772949
