40821416
38218435
41598023
2038505
2038779
1853336
1853379
1885555
46919179
47376626
72545157
400246
360146
360150
1535612
73815925
35433060
59623194
59134177
61533792
76725926
82641327
78234965
78495445
75742821
26935132
50884236
59796017
53823999
27916926
50445199
20952760
55215189
37390594
40846234
78190691
1426603
71383173
80687940
2611981
60604167
63653664
3209432
80234818
48617950
53808104
53808312
52558131
39179472
16980542
16427502
1850277
21529868
49866535
331484
72322005
75129362
55246055
1432997
86664754
48331258
45111539
36543741
36699662
78993728
77936918
80013226
60215390
72855254
72935770
76727243
63099196
1547561
1813485
373427
76747419
51333762
53670557
25082243
1582455
1455793
69724892
2443358
54067600
47761588
51958268
52366791
39767507
2567615
38444956
38531938
2096376
40873685
2098020
2098170
1853059
1850758
47561003
49815773
1810627
