2350519
1821753
1821943
62099338
57799703
16971255
48765863
87733760
86986829
67839913
61605162
76271437
81934977
72217004
23545199
21757696
47356693
36968886
66851955
77842168
289432
51981302
53809308
52516960
52981438
51057409
52847864
2098316
16061130
17100647
1957058
1853533
2464274
49279514
50743312
50760752
396160
2252068
359499
1449024
40083056
285612
1849243
1821420
23097076
60281078
87255928
48331628
62192818
61387676
51343819
62259258
27335470
55389024
60577189
1474709
1477829
50209732
37372369
283926
288461
51294785
4027429
47761592
53808400
3015122
37144916
40876032
2098108
2934954
1956258
1957290
1850946
1853929
2146536
2668501
2242152
4745005
50688251
56279135
50856943
362279
1821723
1848017
64395140
1529358
69308028
48412010
36546210
48024644
41934995
36877654
62018365
64422715
58257084
57277390
318191
6046241
16961029
2225671
