50279688
79732984
39159722
48140590
66793623
286215
55767530
54314738
34054411
59865587
62231016
49169257
49337801
39455466
37792151
38497149
41787837
29506893
16429679
1850433
2059613
2349926
14986987
49186679
55973921
80206762
346034
361401
1846485
1846501
1846640
1596107
1633616
85286917
52677962
1502005
48160747
40511667
33332933
36660887
30772849
57923223
65825690
66466726
66989171
58397948
82825235
80430816
66754304
66949787
70449948
61110031
21745449
61080887
1845995
1506241
24383449
1474626
15731945
400399
287428
36174113
47804514
49184291
53808106
38646130
2806263
37209371
37210139
37374336
2096900
2103945
40420723
15727491
2740803
1986872
1853060
50281462
49837108
51470244
2155076
35922721
37456467
44724524
1830945
1692982
1821408
40057350
62446013
61569638
54810357
1504391
49989338
48350906
41074149
30874765
78943884
64915601
64817355
63368477
