86962268
82071792
38196268
282790
16631459
75099382
67611191
49573855
61409805
279892
53926098
23030557
2413140
75788089
80057633
47908682
49348817
52352458
57500174
39038068
40052221
37792962
2096866
16056383
16961326
1924545
1978862
1957681
2146673
27674207
47708201
49063026
51264215
30291113
288346
1469949
283252
1652029
32736254
82575326
48273696
40989520
41073843
44756273
44992396
42034982
61031451
58074284
80120637
65189510
60886816
72791577
78313867
80459107
75845721
66954402
1585014
54187527
47441205
17223933
17597175
55981628
65805963
1873589
1864698
54147055
35925084
50258962
27831026
53810457
53810472
48140315
49169174
53806794
50157550
50879064
39073510
2191482
2095363
2137062
2727366
1953370
27661119
23097294
49233005
50675081
55746778
360887
82179390
48407383
44635392
47759726
57137928
61689987
63151839
64276551
60633924
58397866
76580808
77011573
