77265836
63098964
2046358
78265705
281526
1429859
2007407
52014279
49323357
63485284
52346341
70480907
1519324
1469352
398825
377735
393761
34007509
2606300
53912841
48568030
47919083
52677864
37369944
2093630
2097955
2131719
16056529
28964269
29041700
1853896
47412780
53592813
288176
359684
294904
1821709
1846142
53270955
49080716
48363392
36499101
48133098
47441115
28685414
64826266
84968443
58455365
76731978
80418404
74277189
65990116
32672605
333354
36909416
38574417
355052
80932817
60635570
69187035
71637363
77585397
2251465
286038
298518
36273189
3995686
54546655
50202380
17282088
2941455
2005973
1851290
1862879
17579935
23609685
18048237
22109665
22070798
47317463
289531
29257408
359643
382062
37533927
38579794
1843995
1848041
48625083
64964906
1437884
44630791
57843491
62792638
62832606
66729972
63527382
80957349
48483963
2181585
