1537655
52217266
2100466
287250
56326488
4040908
20886396
47987151
37409932
41307975
17225916
2055246
2146599
53411084
283284
287843
23814917
377503
279550
1844412
26593142
1992343
66975660
36189467
85113605
82222928
36032467
51577056
41219989
57069483
21795059
2679672
1538841
386476
33488440
47967822
50835564
4455874
16973610
34272384
79785431
71031074
33878913
49912465
2596941
2617967
53822426
47946076
49376639
2144228
35571438
16319372
1922451
1957853
1918036
27368487
21506138
389794
399286
2412671
21782172
23097137
23609702
1844426
53795688
55246051
66975661
33332936
41959074
36699152
77138038
79742163
66989228
63315366
64198739
2685532
1908550
324902
16056266
16061148
2084511
60841520
73800189
24927372
62007622
1435197
76966843
58257919
53904317
58006768
49074862
52358892
39516935
2098461
2137084
49295732
53339094
288677
290783
62167163
