81266163
44008560
43041295
43148843
56609215
84396082
59058439
77594467
80420008
70103820
53220159
76735911
47346024
50674789
342014
17440422
54301675
75977896
69308022
40322378
2606989
293208
52591086
2153931
37351910
2096011
2135441
16921603
1950095
26881018
5927896
26005184
53172361
23091541
1422365
360034
1463335
1478057
1848505
1627486
1718539
49073477
82239300
53802199
17413012
36284272
33774658
84086188
66989326
50842121
77706574
75072990
70592881
71486911
57277314
20252655
320503
39050362
16061430
86163873
2929703
42168863
72223017
57640513
52251787
38742564
39153946
37166520
2098080
2101173
16056380
16056393
2721804
1892230
1900376
2007015
1949840
1853992
2198622
21820144
49074875
47549994
49052129
55083492
28842307
282636
360062
37486085
47413670
289257
1821795
1849545
1699114
33849769
22536696
86672981
66936533
41069018
36422673
48018383
