31696937
83274216
83276458
66648958
69222887
60673189
58489302
76336633
75845783
62533037
33636040
64723087
2595840
297367
1467046
39684087
20495794
42034808
1522072
59515416
49704762
30111664
69308031
406248
2350193
2361308
47760305
52426579
39930026
37113647
37312944
2093124
16056354
2761903
1850563
1850983
2662798
4781273
18087389
20076757
21439050
51314504
2564338
23091953
359560
393669
47289127
1481886
53888172
49211864
71433300
65411219
83554141
42788262
36940168
62168039
61409799
60056218
83051068
75235395
66753057
71391245
72557437
68708834
52427524
32643129
60059246
2986780
51729239
50544648
76494897
69308033
61955218
1462731
70942584
279594
303131
40204785
53807951
53807256
53808150
54448603
38500639
2096856
34064631
38473328
15721680
1956308
46138459
48891038
55893515
54868284
54869612
28386101
288161
23940838
360880
377770
1821890
1619387
