390620
16499030
74219965
66755459
68328128
21707466
32309366
61618701
52406445
36205013
53271238
49136603
62103954
57411799
6787007
37231251
50512937
64161102
51475215
41594301
80936405
38981382
1776401
15035823
3586341
17263394
74969077
1821260
2137811
74437566
74356907
49567034
39793861
49761054
59803978
39126963
67460587
1851441
288815
289368
2645475
82301806
43627622
377663
49259268
63022109
62447799
72988575
58026202
90543863
76903356
62795473
65805515
59794079
33189160
59092622
396881
18025488
61886632
359508
50914839
2075511
336444
16056397
36223579
51018281
29359245
69278673
81790202
286024
41600300
87921437
66854830
61272409
2137343
36558797
54094926
56153755
1845612
78787949
2142671
286258
2222973
16345268
48529513
80227881
64189636
36223611
54644184
2098299
32048358
1848511
81273940
77140195
1519913
61961643
33002112
336309
64751503
36078914
