23097160
84548541
52352911
53816628
36542874
36919905
77936917
83495789
61545072
61547943
61249192
57756755
83007518
83108672
21940618
2601150
1469987
296099
360134
288929
2249908
18245857
62867976
286054
54396467
53973303
58367376
24154977
53818576
53999830
48056809
48809034
49500512
54455502
52346332
39416751
2143065
36074931
38205522
38491851
15732107
16056277
16056331
16648778
1853607
20240411
24149511
49242415
55923285
54865438
288508
4708125
1422124
360885
304097
1652312
1821469
60889911
61650045
52609496
48182243
38859729
33629704
80166207
59176940
81302036
62795495
79785461
70592879
61518102
34820359
38402732
64660252
22119425
21147805
2059383
299686
291121
336428
60632051
287597
83533541
31590001
70942041
49685347
297198
54794321
48018584
53822425
39056902
39784504
2138184
17575120
18245212
49287292
47323707
288568
360904
360930
1845380
