1821519
310742
23082636
12446672
53988135
49513592
36223633
36289382
47921094
30659119
79956162
65296176
59866613
61605159
63159602
60668057
58415072
73552881
75275379
83655214
1841090
1856130
39162324
22119424
387359
70913244
281701
353634
39272398
41655659
2506817
48712941
286298
66545961
77419382
1768384
2510011
27348558
35596233
56447148
74322336
33848663
49099043
54641805
38620325
39786788
2134833
40860855
2093211
16674011
29159215
2848197
2901147
1920297
1853206
23548120
50338013
50637305
54634225
24418516
23599558
338706
38473774
1821604
1844192
53816630
43652012
36545132
27800160
36681860
32989567
59606405
61424491
62143101
83408209
60831691
83676943
28953600
1542029
1891525
2415456
318003
38975737
1475923
76738944
49734248
40403509
75969192
64149878
58910977
51537208
63709778
60886822
64059877
66671221
2355910
28705212
41444233
58983562
49536556
