39418646
2164892
2094140
38619110
2738456
1995540
2003597
2696777
2251464
17427603
23714882
395477
2422436
26102409
316172
22558066
1370855
360060
291075
1847912
14989916
64818622
39570735
38872481
36699804
30118686
77110215
65820664
62783396
66687938
72784091
27095360
36144605
25612101
51169778
29606341
20486675
29235946
78211486
316430
6006816
40714231
56027341
70116379
2415843
54393048
61259652
55922357
53808152
53809094
39094529
2165064
40420735
2098301
16056402
28971069
17100632
2930859
1953588
1883753
2672524
2251640
17976266
26417870
50266963
48924228
54911995
288755
289118
290516
397461
359885
286275
1821849
62456894
1557963
49130278
1504729
48326105
38783862
26638554
59683977
63430196
62167278
66488230
50838878
63176370
64142920
76734652
76734675
80822475
85313786
58306674
21147202
24087712
282101
51064240
20241651
1506240
2411348
