47206532
50278230
49732188
18046302
20183156
52891796
47118592
62033729
64628701
69106784
69245812
72771717
279188
32629126
53519883
53810443
54022263
47759995
51939425
52512207
51726694
2097032
35245157
40772961
40795564
41894543
1981069
2000497
2693970
23918093
23191656
49277201
51204331
282251
23539030
379270
1845353
1848604
1711074
48198201
41535218
29304624
89228328
61385552
50984071
57773000
78132907
82029676
74968333
75737309
72616023
26500770
52983393
48018881
52558409
4865013
21912825
302101
47365841
402604
1433099
1999891
16631671
339238
84124324
80375295
21436187
75487319
68326640
1466958
362333
76375534
61284197
32005680
3170128
79139727
53809266
54635312
39808373
2508997
38561240
40511480
2076245
16056241
2002079
1851385
26456458
47757603
49287576
50592642
55473320
352814
73181702
41114472
1496515
1849336
47242116
62765812
47787303
83121628
