36542990
26166998
36718300
27954621
33585761
59623201
78943878
69250425
61084758
58331906
34262487
48920273
39284035
55007450
75385213
290219
16869429
52042926
83116864
65278200
63168971
395461
71383777
72349671
2151353
2166993
53809816
48140456
51940615
52127184
50891795
52896787
38926038
2131090
33997009
38406951
29259657
1853911
2692294
2219298
17432494
20241669
4155235
48910086
51237093
53121461
55246108
55290448
389041
28635765
359846
287830
1844764
1624508
23091882
61605175
83116665
83693357
86664755
59632696
57839465
59232052
78512900
82308301
47625099
61717992
49255460
310390
337367
47345559
40511414
78160683
50616567
83657091
32993985
47625698
1532382
30254530
33878147
41138172
304600
38660367
50514315
23031626
47763758
49076659
49080914
54750127
39150869
39852325
40773064
3001257
1957303
1853072
1849706
24297011
50277861
56351549
54634224
53430731
