55165667
279595
359845
1821424
54154160
64664288
48207701
42434444
65005406
62164361
67839914
77402152
78173933
50022236
44478256
21159976
58685315
49868631
34017677
2931166
305466
2196527
15727064
66704362
52179526
72578733
51025604
78202433
66496178
66749104
54559472
59052984
4003696
53807907
54226374
49077914
53806904
2075001
2075285
38180989
16056327
2929986
1922116
1951119
1989103
1992499
1853394
1917027
23416002
50592649
53271072
1825975
33005898
286540
22368035
1437980
38979963
1581825
54178196
49313253
64628663
66975666
48412490
61425630
60677569
58446175
81239544
85451612
31422298
53744626
20486986
82065750
284749
346398
17582578
27929199
29957702
5950567
47769128
61865754
56220086
1651417
37159019
50447271
29698928
289487
52722546
53817436
48577212
51940608
51940609
52317614
39164104
2190159
34654203
1909799
2359766
22144878
49219057
50718793
