287698
15953121
359511
381021
342760
281532
1848885
61412341
83532821
46037103
30297882
78802497
63424881
64620936
66566094
58983563
63163216
64080475
80675783
22012322
279300
17236749
50320267
66045632
48830600
63653997
65901190
51439367
69282804
1445258
75634312
72223119
57731033
28683895
29925027
54714804
4009886
53536648
53903975
47986771
49073975
52655205
39038069
37486077
2076612
1978852
1854060
2682281
2652996
15001587
26593078
46633722
50602002
48825393
54643902
279873
36298532
359855
40808482
1845768
1846038
1759394
61589170
59268397
64634916
52456384
54301689
40150746
36544032
48090129
78943880
66988656
67741867
59978758
80961307
24649780
33834516
49263541
2719111
2498297
46482783
29957703
40532569
71359854
56211275
1550361
1440870
54231704
64089962
49042344
49356790
33878917
2934718
2685312
50358076
55600411
22023530
80552366
359433
368920
