1422145
281540
1515214
1821766
1847222
33849770
89617461
53988136
46071783
31496139
69275779
61387674
63984259
64173779
82644664
83493006
70639813
39846759
63912314
60693663
1537715
392531
71663497
23539009
340364
2502583
353339
289334
47433993
48412643
48493702
288029
76192208
55981631
60638153
63757351
24927985
70262291
66773310
33788294
27622083
57968365
48608710
49073636
53808197
52592775
39504674
38443085
2103960
2144143
16056335
29159226
17100756
1900420
17967003
53666824
54634230
55200267
56153763
400912
33058101
1845382
1821514
54606370
86800462
83710891
36951032
56602559
61410538
61740471
76779607
62671602
66713794
72310568
61724052
48055875
30195135
17223997
68639858
53730396
55786030
40923815
321242
76363349
49734438
1847089
295054
299108
39110805
46994326
16498704
78357911
286067
2414260
80235920
49108686
2104242
1951454
1853139
18302834
