20116295
20640950
48760589
374816
375340
21759976
361157
47540447
55227858
49348768
73327784
66838597
48199199
45235337
47470702
32630482
31572461
59339805
57839923
62167277
62290775
63296056
81891028
62607029
71367573
2267589
2102331
282293
346393
398664
2413815
70437704
48477051
1593788
69708209
37113332
2356057
282620
28753313
58552567
53807530
48000823
48140046
49377387
38468403
40915327
41194995
2136625
38424858
38619109
41894554
28971078
2722879
1956734
2009218
2059389
1949911
2251594
5925083
49095148
56418315
51345527
55130162
28664924
80915430
405954
1427761
348178
359917
379294
1821841
47461026
55227857
48382998
86621538
55246056
55061222
54142924
45713340
41721695
45836026
62192867
78242819
74293351
75158390
70453436
72670512
41523565
22114778
62341449
29948742
1773932
39367361
287863
62360483
49391008
52112177
87548450
32774159
64124338
