66514148
297289
50293410
2422925
48825890
49073678
53808969
2131009
2095260
2098192
41759128
2002334
1951626
1850057
1877057
1881010
46864284
2251569
33777610
359667
343208
360200
1845262
316747
47232187
63338112
55227839
62298845
1466018
17986982
48363108
42920225
59712123
79328550
79533102
68151307
68328125
61570788
63853818
63974085
58838626
81607514
86209758
81940116
50618697
1873691
1488277
1453154
16498699
49532652
38538477
73123376
33878275
33542699
49518535
287983
72851718
70461185
289325
57298303
20963779
78507074
49455177
52591114
39083215
38493898
16463682
16463683
1901992
2003507
1988796
1851543
24610857
54931118
401829
394815
3292984
23914368
1945536
394723
401484
1821628
54592422
9863841
41114455
71898910
75317376
81437315
50602620
47193356
31934381
64682134
79705460
59103271
57758683
87341937
78495294
63057838
63117750
38041555
