49319809
83626094
72340297
71375462
82165267
48273798
78495438
1897657
49073270
16056363
47772771
23250594
69240560
55746786
1821630
64394047
18051836
37374018
356346
51547437
58185825
16919900
23814366
39083210
16056365
55246069
43085460
39391702
72746497
79572554
41594302
82567568
83704723
63323821
73338030
76651111
55496196
62394990
34075280
54835974
58413818
52539708
1821737
44642287
16958865
69096288
16056294
361361
60640673
64371689
50512948
64768246
1821188
79040826
70569362
68303468
61307345
51943300
286270
77827824
79293017
360056
64936903
77890033
338945
36205011
42068603
1952835
70235549
80231535
56601476
57031480
36223551
62761753
2136145
51941415
52540025
55978053
63356146
79720840
39117365
68565484
27930302
360213
16754640
1849475
290420
78495439
77775664
39802359
74977246
60631796
16056244
48273551
61296499
79099170
60099280
51829644
74411687
1850998
