63303488
36748579
41440014
80114953
2709186
71924763
64807969
1422391
287707
65012259
26069543
75527864
56351548
72746572
63127622
64129862
53888189
39287382
1470176
40821028
2165336
48455967
50638431
30223845
47659051
1821199
29068415
50914834
62826214
21120803
27068955
61648562
66128334
70471776
21438570
72750527
390995
58888149
23071054
80925281
54829331
82165639
398969
73759833
66875161
56326479
51333006
63295166
76812177
84392914
64834454
33748059
1897682
1454937
62372167
72775810
51050394
48331085
81003725
279836
67822184
81316374
59711952
16061164
47313948
16056269
60048897
360148
77158846
15972227
2034295
2094345
1821478
34075332
60634656
66932146
295652
83551523
82963598
376468
1821470
1821587
17271464
65267665
79755798
60083007
73301018
47771943
49076645
52036316
52318526
2143169
3033362
46826204
48326098
2567957
54813642
1458108
50813593
17449892
