85015318
63266572
77827858
44757159
51044006
1847785
25808732
70605023
41683992
2096918
60910339
319305
34125580
52784839
1821490
51535255
53807543
65805513
66776756
2096578
61570787
37213045
49024539
61970329
17986832
38660847
65086116
23191383
51658542
53192604
82021473
22131189
71123036
346030
83129565
75972408
1821212
73394641
54443657
384636
79758678
2509100
1855502
359861
72561943
16056233
2939488
82291492
395998
39159112
27974665
48856941
2089112
48331226
288528
340092
359468
23416000
56383129
52520880
48563670
2144547
59113295
49792425
79040828
48058772
64855009
61186075
405906
1821496
63425551
1821422
85915167
52176826
52968722
376466
1821505
30223337
366648
49308968
29908140
49069916
1422118
16537839
40324599
286255
27977193
78527436
73717591
36223594
64682226
2151576
72507799
1821810
69278166
63220446
27064974
48264883
15034380
85910861
