41301864
359510
77124238
33777640
87546211
17413011
22249750
3012300
84392872
287832
1821262
65375717
287595
2467534
63974087
53113148
43085461
82555747
46866102
51261661
24288411
72547918
38972923
64888923
38674269
17931359
1821488
1821913
1800007
2034300
48029947
64089873
36223501
82298706
1821901
86818905
280932
2567959
390990
54203944
83365421
69981225
83554793
81756604
51677590
56343405
59160119
48829605
34105943
61371203
73767076
282792
4153077
52273038
1821190
77499914
22134899
81015660
17986985
28837373
28978906
72711194
44631071
84598743
50874993
289430
74948304
37523511
49726789
47801973
15766146
58508329
49899706
1800003
61424501
1824684
49806069
50266937
23275332
36498975
72791105
14989065
52300806
49952229
298290
22254159
59772545
1515232
16056315
52539713
37111907
45931042
16056387
289085
286031
76681256
26043434
366649
50659318
50287986
