47798235
47757802
50029281
1851714
72414444
58017164
79026929
50290712
80484015
359579
1821409
70929005
76573477
72560428
51859077
72632099
1488151
65808633
46858402
1881885
69242846
16056361
53808103
1897687
37199796
49221953
53330284
15928710
40702411
287466
53617103
53271818
36542820
61387673
79994371
49533440
1951597
1821590
47412929
83013786
2055592
59711950
22278914
320124
61306108
33967533
64633103
2572979
17240383
53808984
39127586
56326486
61709921
375167
20169391
66855386
63111219
61896973
1821484
66198372
79956575
50605061
52945155
29304549
1897659
46589690
62340974
2190043
64720896
1821918
30572510
48617505
68582331
74335586
34157781
29002822
2061915
49745312
51320306
23528572
39936037
50613691
400398
1856159
1776404
2449174
75836015
40876078
63356143
63260936
2103358
80239078
76689852
1897681
57689284
22278913
282602
83696983
61409634
1846407
