2716337
78471019
53807549
60635760
27068908
49341658
63677992
66855374
1855471
18144713
78848029
49317978
51624765
42730044
40700425
29060136
59564300
50914840
36950894
23235881
2096410
50854018
83463940
32997867
1504699
16345329
77460115
16570382
286043
16056389
58563838
47998469
44992496
74156721
395992
286151
72751350
76738406
23191427
78058357
86634404
40075538
6022358
89363548
75962734
1821198
51475219
1956271
41600299
76684661
1782323
3001186
36288236
31255165
1853094
63478831
286253
39858067
359612
69297475
56326494
48138833
47814334
42087899
1821803
63385500
52867540
55216958
53807545
54643476
2413669
394199
36223544
64914862
355050
37933306
64767609
49101796
47783779
80032033
26638186
64158139
53807322
1821778
73691487
2096553
1853725
80480905
289211
17440122
67839926
63812818
1821643
47314725
2103255
82992830
61311004
84304349
67891688
1849638
