75633420
15953120
47765630
15005880
29996521
80686465
44012208
1845621
30873300
33494643
401516
29003229
338051
47918400
48385400
48780589
288587
47239597
1821938
1821426
85295979
81768634
36936572
64158162
56326490
36223491
44630646
72685139
47247858
29732397
82393113
41581992
47551000
16342374
84818473
50594619
20787456
48635168
288329
1466951
22135677
73011223
69425587
77706595
51734887
27924297
61301841
86403994
56326489
51069627
85994210
49303021
1844182
41934989
59092624
76479763
360010
86736335
33058167
47350832
38477054
52649272
1853482
1821762
69252766
47812957
60634900
52317901
69150069
388212
3001181
54157273
38666199
54036609
359789
287467
289396
64468017
36223593
86920459
62424647
72791637
36223569
2103500
64227015
61721143
68328124
1900898
59973979
48606565
36223549
2701267
26733442
1437955
83943958
2359900
1776407
4040233
49277171
76723947
