1885634
5261303
74968330
64786840
79117671
53807409
24113885
80192621
50809672
40876138
48000706
51732902
29772906
1890476
53803772
40442917
47879962
288107
2229191
398669
287886
16056420
72756031
82934100
55112190
1845870
70926927
287501
71857136
2002888
33877721
77579179
77838756
56343396
6064344
16783045
1776410
76741913
83132263
288015
79028815
51028163
29304513
40207558
42313358
61475711
54931116
54082340
2376829
390993
86576267
2762971
51328570
2229439
52291049
1821801
49348904
78511147
66751308
19707013
68582780
59092619
338058
59746234
40824282
62315619
80936403
76722882
17579956
20067305
71940677
1849326
1855376
2724859
2417711
1850981
1848816
24264415
2007728
29304332
1885165
71997438
2144118
1821191
48483171
279588
1545139
40714460
76722873
46687689
77228283
66593730
73320772
50211431
2007995
69245615
47770479
33005477
2372473
40509885
