53728938
45626125
64847079
41592813
1899104
287594
53807584
1845141
53561007
63434298
287995
61285107
61292761
61181706
47770481
1897617
29304597
52360969
59619853
36504141
72010636
2510003
41647016
2563690
52030095
359877
1419361
29304568
59683971
26472955
79530424
61720894
1612458
27630389
17065887
65882548
60887852
2388575
15732189
6787025
1853893
62755007
59347606
61609275
1522231
2096512
64610554
58570200
49619902
23103936
82576126
37486050
78786858
64613759
2225657
37113776
17353661
50187054
39197083
44757341
68152741
391876
74331786
45587110
82304478
2417170
72988572
80991754
53314816
76734754
66751314
2511007
61569859
16961028
52627987
38746836
3015114
51299044
49206248
50022885
46426038
39251219
47762721
46959370
83036812
1747350
50349666
51627789
78943869
66197657
80542649
31722491
64468019
79990340
82052101
288595
1821658
6024798
289370
55489514
