61253206
62650465
279838
29304372
52914938
78144571
3879779
57048247
39530232
55081366
28694472
55113246
84297848
63266577
2034848
42730050
2104169
66314785
47759822
2011855
282795
16056530
50213009
51697325
51545765
52539711
73399138
83170023
59711959
80057672
42313362
52370245
50706298
47391347
66751302
61569554
288504
40010941
288676
37290698
282810
46591060
1897688
64597684
1821902
4153080
18302986
387291
86005521
81659836
1821935
1681610
78144569
78614306
55227842
76062824
78477381
78471018
48436417
80887765
46687685
16056239
50914836
38531794
24646575
78116016
59697919
399741
1821475
289203
15989456
80163907
61616964
85899006
48056556
6787010
69254545
2096889
2504191
5778841
53819451
292284
359385
73552875
63744382
44756931
46576044
56326491
78943923
1821201
46195851
1854057
1824681
87032422
1821421
56869713
73291063
70450004
47769232
33545606
