64598028
30291147
53455432
53810298
2852693
78813629
336427
83639079
47765637
377661
49035778
49044500
23416001
288337
58324545
287495
295710
76741931
17579958
297372
62192793
61757595
80924082
28971054
2094822
15031729
43614959
288530
59176267
47870413
2104253
16056411
41074155
282762
286242
55698530
42730046
370201
289394
40821029
80010027
16543061
16061158
41107927
360044
2417313
62276711
70313973
76745803
2683375
295694
65010144
75742845
66951748
59092621
82559568
70761627
2515137
16056342
1544315
16943217
49848998
41391326
61216467
2098294
31255166
53668812
3003413
41910525
33546245
48054717
40848102
1522236
287943
2094373
79576670
1821681
1679783
2096875
1469207
2417163
66506493
41074150
2390436
81239715
51411414
50763276
83203955
59804902
20786674
76411008
84618285
37231797
1886422
1855374
80883785
338052
23914367
32943111
24407798
