1850286
73320224
42534427
74412372
40824285
60581712
29304287
58795730
20955014
50222864
18026086
65128698
1458107
2093047
30427937
60047585
65647258
29060142
48527663
66136462
15971003
2928970
1821914
74992007
21696248
15971008
84661043
2677738
64685090
45699741
60100846
1890440
51022669
1774046
87227929
77900419
47966899
18021490
2442581
2065948
28424420
50952046
27977455
1522234
76583758
47813147
337364
74277185
72340299
53553053
63266571
87510742
279986
59093787
82312835
80965351
50914832
72214826
2096906
85464464
1849338
77503399
69728274
287499
394201
26195151
78502166
71169009
66139579
59566282
62451410
47552475
54811256
60710057
2191277
359841
79040827
288572
359504
67839912
1821970
2103414
68094148
14959428
78800373
2034640
33735677
56019672
47813179
62716532
33754803
24952801
75075924
28784812
21127292
70437606
36870508
53028713
77959309
79952086
