38560022
282152
377660
21895087
48169191
27349479
22963824
78817587
3005307
62456833
1464109
401208
68599988
288669
51042920
26486933
53889554
82301649
82279361
326830
29304657
69237894
38496071
62767458
51250592
20487413
47514480
1462736
49503862
40703923
31934380
41102023
399739
80994646
282798
51071093
62905134
63356148
47765636
54759285
2713567
53807305
50674150
22286219
75646622
77727303
68328120
76278339
82990178
1515697
1422077
17316449
24749777
288224
36542878
1519297
46415413
80991800
80239665
23915431
60059363
361300
31829509
57835157
79980714
21988341
2269775
83401070
290832
1853531
288122
42303236
61455557
30404575
25082237
52092952
359469
51863118
36189475
71039389
50585976
64601637
80249845
40204739
1851102
40797462
55075803
1849474
44642284
286680
64685718
53493537
23040816
1530358
61998642
1437883
50165243
53445584
61379847
75335657
