85443209
66967613
289429
59711961
18048126
75961873
36223460
2862875
69776327
341100
54377443
16056558
24583641
31322765
78247426
73921938
1979220
31710021
36223474
2183723
30364062
53006889
53808325
78775154
66510432
47762730
20800866
33878741
65625409
58413819
1812036
1573968
63302657
59016276
1897676
399740
2834470
1464111
36223528
28169769
62265838
76722877
34648211
2089119
45001283
47956803
78557241
22131188
76731224
344451
53807925
18090947
84474749
16869399
56326492
48483672
50804103
17987745
78558312
16967460
15001599
87387862
23814321
51433782
23966039
75958756
2096404
48029950
47728195
66615989
50521450
1994565
64821280
52642368
16056528
72559588
47765631
16396030
22957988
1977973
286039
36273943
3001247
64926141
83191208
289086
29772876
78688808
81348613
1653270
47220852
65674029
28460965
1855731
17615111
4339733
55640293
63040366
15036781
32697703
