66695989
66890700
23244199
398971
62453177
72140355
32993982
2101172
288204
1847542
61278079
2110231
48138796
4038046
53809010
38458312
41142312
62618741
62751845
279982
58413823
64689019
50914826
54326917
47314907
64778062
287925
75638192
54799114
17615118
48234307
1774151
2076259
62056000
52566642
48090495
69357226
62647651
85907297
49169259
54714948
389479
1800006
61558460
2679271
81670710
40714954
73311030
48326215
44583982
291205
47628811
80229291
2098556
61585871
1888276
73198051
81010469
68174769
69338629
83702481
2654613
47440533
34988955
286007
28964766
30974327
69862718
81803766
287468
288529
341919
4249809
54083955
287496
17602825
56351026
77783081
1440843
40821030
59866513
1850999
16171296
279167
2184870
81749034
53140294
21226106
287638
16056532
60099300
1821183
1846419
46071692
2130757
2077085
67380422
279839
2646758
77567899
