61844488
63303494
36223509
78512902
68566429
85091051
76986665
76735196
14779566
64195345
51678242
62176197
87388563
2527290
18186508
23191638
2142668
62719497
83658563
1850569
64172915
41594297
4746707
1841135
280295
1562786
1592735
78236410
1954087
62767461
2034030
75139107
49730938
59683972
50535912
1821779
77880736
2003599
75116595
50587833
56326493
1557967
75632763
390763
63044065
66751316
16056419
55040392
1550400
20680347
2414263
64969721
79670415
52202882
33848555
17986046
1881017
74989475
37116248
19889471
51224333
62642773
23049921
63224133
16433349
2848182
17974258
65679981
33318304
288347
1481766
2880187
64680719
80064498
33630444
52968734
60273799
64206462
375985
1821730
50842148
61283723
50210010
62370019
73072065
21912819
1855378
48744321
79987320
18048199
47265906
30201782
1847550
376469
338059
1681349
1844187
36205017
21707468
26951753
