33874729
54258164
72765773
65274300
79758130
75804654
77888418
79818200
59105621
1536352
36223540
76477187
16056307
2092939
64472712
66510434
54799117
49340752
30333069
80248926
16641413
65799900
47771944
54447430
52539852
347872
66618533
86630109
51536120
78148110
23049374
53803769
1821502
53810307
39482892
48610785
1440911
1759389
41959075
305556
66581233
56351025
5930855
72596208
63296036
4746759
23609681
69225020
40320088
24659183
23715124
359603
73842572
53911388
405915
1510997
1850234
49055228
75499353
1845536
78700271
67616307
1821181
1821203
85820860
16395463
36078822
2655619
1821656
54245506
32630891
48568001
52821734
65829061
1849907
41392282
70695295
53271019
1951787
20787453
67934680
76365143
73590775
390701
81866871
2183379
389946
51166965
69273464
86263730
2710338
47265871
326835
80168609
1469209
80187383
1850916
54360469
16056311
16570379
