282151
2652076
29920000
43085462
1750028
36223589
53809390
39251221
54459338
82269001
1776419
18047503
85130533
82071794
1821818
86941413
1897662
54477744
58994176
67710311
68240722
22131181
52006571
70451854
64284536
282797
287694
36223595
3012296
64768022
47981653
2096910
55304282
39423349
2003598
53528379
53822429
66509821
50224033
390702
76681340
77461288
1821437
26041787
48186099
18132668
64217609
51534773
84196770
1817515
17282085
1821634
45626128
48568029
59092623
78520359
33046075
40824286
3013416
73016234
359509
1848618
40710816
38759497
41598025
28138625
1553017
15031731
83951526
1847664
1474621
63356137
286217
1519300
22134903
34154460
83556957
27327079
38477049
286318
52648893
78310146
49277159
4249806
26566828
48060131
85807336
51174568
82578338
58444558
33016143
1846810
2183383
41551844
16563270
359868
66871659
79047194
341367
75331537
