75295923
84441468
48273742
40441591
2098298
38374513
1922109
27068899
48810683
46576042
30223298
33005892
86916419
59788946
1922877
4487270
54607531
1449101
50841479
2038502
2104254
83399596
62350734
50931320
79993980
289193
49997305
21438966
64188444
1660566
56130753
51534932
69723359
4640399
48138798
62430026
75344545
16056491
52539709
46433437
50349585
50291117
72769819
14990166
1832724
46433464
31558229
77596586
48563673
53348231
22469065
360545
81284128
2191284
79791059
1852966
17931358
16056274
1843889
52304745
1826482
47765628
287637
64754319
61186043
74598186
2000814
64106877
37542043
1821756
48109534
51939468
17225918
359682
84392873
54531009
53823981
43164007
48196707
76014961
53347053
64468018
79727923
46523452
69276771
69750945
38893241
1853546
2620549
16056546
51535211
17986984
1900251
69273941
8612004
53880489
48484971
41239863
389475
42730043
