54115705
37853867
2183380
49331613
59620595
299928
83855533
346031
52566371
33844369
1718061
82571256
2065773
1494285
74658042
50209736
66771412
47265912
49222007
2469489
359465
72308363
53808963
68565143
44526908
1849608
30223282
1897689
49098561
36288827
305435
60686822
78478932
286256
69481534
359807
51097781
287649
54588669
1821750
51064237
38928593
60099104
56512529
66989032
49322530
75801845
61113142
49407166
398233
29333284
1592734
67850371
31255162
51943307
28978998
50914837
288613
37208837
54868286
33095457
345190
2383469
26629324
36945717
279232
65868334
19792121
1469295
2074999
50288032
38810172
76424832
79723184
16499029
60520427
2059326
28971051
77403769
52513467
361397
52802214
288535
69257707
1821668
36543058
56161039
297325
55284938
82990567
54799118
23882898
63888858
47510623
66652955
65932806
2251613
24733966
76722884
86300444
