16058162
279842
53808660
37372282
66648952
81842314
54020266
83505297
70288148
16056276
18048134
77259638
53745219
77153092
61616084
338942
36548849
46581660
2100705
73053210
65974868
85907295
2414271
2655034
54478402
64254744
72698665
1821592
338054
1849442
2727382
36840006
36223558
50157544
60321519
75575955
49361008
2097254
50602757
1519298
84501541
74437564
64816114
64462761
54973696
77469757
54799120
25082239
279840
50186990
45712122
55246061
1592733
16061184
48164093
82253091
77401884
88416749
2145235
23242429
66932157
22254299
49242832
15035827
48508922
1821195
83975638
60266535
83655754
78198132
37246872
37486078
1530019
17347961
56420231
64839711
77407272
72557327
70930405
40624612
2596939
60182796
60639700
82542094
2104175
75713820
37113779
16056304
396871
78333107
83693359
29932655
1845191
46864287
28071517
48091322
75350201
49573027
50656024
36947667
