80582206
55986238
56389922
42313357
62488541
42748890
17241737
46476571
49206135
57096568
2598541
1821266
390991
1845225
64141838
3902907
287238
49512381
361398
69640681
67858805
52177898
359613
31697104
338053
55218748
289288
62845353
64351571
56326495
62767457
63341251
18048124
20240409
6006813
59150721
42730047
62359907
297117
393286
32780471
52065816
288670
30111952
62642777
48826443
62617656
27929524
73333697
81795980
65832269
43332887
1580061
67611188
70469256
64194981
50488177
59138512
78187678
51304338
78608485
4487625
64345979
40204882
2211628
65728000
47759889
1494287
2097705
1888269
86920461
86940495
389036
1837241
361360
88006687
21002620
55968441
36223550
64141676
83075428
26362458
2414219
34316413
1849620
84061299
84618412
41066764
66749953
47442994
34222142
37194845
16056314
57754045
61222691
282799
2135003
17316448
30111781
40987211
