33016136
1897663
78247422
36223532
36311583
72857248
54439580
2103501
48273546
54909553
77528498
36205023
50052902
60455739
48360523
40403142
53887703
79662202
396882
72304164
62762547
1951402
298520
77883732
42247911
62845967
68565486
59133762
35224653
71016948
77800647
1921066
2512351
76384852
74403048
61222677
75731039
47770477
75212720
1821617
1834803
58977938
2064296
390703
50291188
63415239
60226354
81504476
1480469
62018351
346027
55717594
47629037
83679606
62445932
73681110
80057637
1821196
51670633
47316572
360077
33176406
360141
40510345
360063
66710902
47334821
63260143
76349963
73813025
82207969
360041
1996790
42479768
63675013
62605011
359705
279184
52286511
59712075
301803
64620116
1612461
38650886
2723850
54799134
1821773
70430697
69728282
77825787
62704620
79794603
24426812
43977419
50763275
63302712
287500
1821682
60044247
1821445
