77530272
88058928
82510967
15011773
56132307
36498976
53329136
80890538
15015086
39814631
49037951
52305427
72558905
79523310
36223588
36560182
47194858
1810629
286040
64254723
78617614
53879239
2510008
1897690
41116782
28675991
32997844
61504068
286218
15971278
50657344
1426464
287950
17353662
60516476
2142676
1430367
77827865
17967216
44987244
51849147
53703864
20676887
48003892
75129367
50707425
38343689
29220083
78450346
40714186
63803192
72342601
82321277
60637619
73824894
16056212
1440605
72685137
22867792
50449178
40710478
74493424
2592294
360092
48024630
33035257
29003209
63840168
2103181
17403639
40236728
2696733
23996105
61337186
77637439
4746763
72777347
288119
28460973
82071796
40955693
63461608
1466747
1821526
41142316
14779660
50707427
355801
62313707
2661971
64330423
1917351
37145792
37260452
42251583
48858561
58326425
53810311
2104157
63662927
