43668441
2183381
77412625
53807022
51280399
290797
286066
63442313
88629594
78062323
2476918
61570030
40105964
16056412
1848336
78471023
48911689
65832189
359791
2203638
74483503
52980271
2100707
406531
71045213
53807413
52658898
4747681
74948299
62429108
33585494
43744963
60621411
381272
16061351
15031732
33049105
66692627
2361315
27324313
28690778
16570380
29886610
54887614
68546700
34164363
79660329
76042690
2104156
50859636
16056234
37128191
17251734
2668263
58106676
65994967
40236737
66751307
360695
61156939
16061160
48160736
59711948
2002877
82188067
360035
83419144
63348676
78469907
50213023
23091952
23911990
33085130
47671398
80915431
1469964
79524472
3564221
33857255
379360
2251311
64084810
288228
54534310
46862226
16056240
69337887
75633711
2251493
86325226
21307107
34134630
59138513
1882234
78323969
72140350
85275593
41934996
84392871
54440122
