6787015
2859756
61688433
53808926
359811
17848470
23871038
66743753
2576063
69733191
48569960
47918459
16565771
83406030
1475849
52968826
402538
62669177
20987804
52179858
359823
60630847
2103250
1427926
41064307
51064236
55894002
3902905
288213
59654348
39316118
30111662
326829
23918560
1845190
338055
30913398
360142
36223597
60772931
33878911
29257407
64453785
64729751
75590734
46687686
64095998
50520646
77554486
78107071
22190173
49206242
80187389
66884737
54051808
2853427
42434440
82985884
66743852
1519299
291997
33746474
2251139
76227009
289253
281124
60672742
83629614
16056559
49077250
31362693
23242514
61698480
76031139
82985602
6025514
2415770
356532
23607292
377517
81012781
286261
16061171
25994614
44757849
85649764
52765858
1580062
87658822
2698868
291792
1429689
79947929
47637782
83073044
33874735
288336
76142508
55852064
61292942
