52167743
2135973
300189
23097292
64254767
82474725
68566544
59138514
47265881
1821708
61337106
60992639
58185826
1849641
28665008
50052649
2716331
64616850
41594138
74973515
51700058
286257
58245309
79283374
57981871
50605505
1850570
77540652
75762836
31464710
2097752
46458963
71476508
1426593
80462136
74868346
391877
86630103
49527107
2095710
66836729
57068633
79602435
2098297
1821559
36543200
75479211
47762717
2098137
2183384
28878223
2096806
16061671
62018350
72297515
80310013
16499031
1510235
30223329
75762875
1821775
65191097
46640144
1800008
62618831
3012213
83151494
62722081
59584714
73686057
50014385
16061181
4487269
63649505
280207
2594328
63394351
60183081
85807338
18073712
49700534
26484998
1422137
70929034
47660390
38631924
282794
47908945
54418949
55246112
301805
20222949
40055179
2096904
36223552
52796088
68566061
66946365
20164391
54749437
