1882218
2512350
4249807
1830595
24927773
47981656
32048356
59742018
33188261
63348260
47463849
3980621
40824290
2598532
87635303
63787949
73531898
1852961
1522233
20487877
36223511
61559628
52901684
78771970
3045121
48810697
50535913
299176
2677451
17249228
49521660
82133601
69306803
81474507
36186049
36223617
310206
78165449
53807558
33656879
22131184
49206134
47316775
70240571
288537
63442303
48350217
59934591
2862927
1950657
2701271
73920658
33016138
63182513
53303775
2095612
296135
282155
76386110
1525765
29059823
78026611
85401601
80019513
1821636
83669819
52849788
78313093
83709680
50084537
2147317
288817
49991524
44756272
43935595
51734901
41535529
61480513
50981641
38067397
30972024
24585644
64162668
1897603
45281304
61698483
70692096
1957614
23097372
63153644
279843
53135849
36223492
42748891
73720868
74968486
76735197
291326
47802057
2863054
