280355
60493529
52502420
39547396
346036
40970087
62165031
2143159
61602861
85907294
58185822
27631087
1844820
50914835
398977
16198528
64682310
18073714
21561320
360008
59815654
68132465
40228941
47104843
403535
55768014
2093928
49384259
50209809
39261072
16971268
3004931
22131182
42313364
61061443
51630412
39179460
404050
22026828
48163862
75576433
28097426
55150457
38665900
56051330
29257409
36699647
47117366
287469
79738209
74866495
32636279
37353391
1825993
1458109
279175
62250294
2251345
2229373
47761589
54636927
55712184
1821650
76915005
291074
83675775
279467
53963120
79528354
66956634
47761672
70910504
51534426
22981700
33212981
47802054
47118475
85418736
62358196
59606393
58188226
30333072
76095590
2034849
79576717
53808145
1919829
20240954
50164672
49111356
37231252
48911608
51718598
61249845
49101734
31495619
20672898
1426535
78771926
18247876
