36397826
286861
56945012
64774359
66692670
48484558
279172
36023876
59092626
37486081
48331076
66580873
2651878
15014845
1469296
6371220
61186074
16056560
390706
1422685
37110124
50433397
17582576
46864288
60525055
39150877
40703521
15731850
16346028
54071638
80928523
70526843
23237099
36223582
2991185
5926838
1821710
15031730
296205
51576692
58184338
64761850
62257160
70313985
81071510
59138515
2136086
82991882
1821811
42303237
314894
50186795
16056536
52553921
40484935
26480837
59711958
1897605
1843940
64631627
79023285
2077149
39931842
1848181
60022340
58443583
77426691
16056231
64194763
78528123
86561053
49076650
39625103
21711947
55975875
1949628
2219435
77880679
72695395
3013873
37113778
41594139
49536714
2096912
2927244
279257
47728100
83200719
2372630
79030269
56091830
360059
78187822
49657768
23115937
360192
57951182
72558001
38520385
288730
