47105048
84037871
50914828
18074217
64285266
62185606
49206245
36543024
34134260
51422442
68175577
54123907
78052243
50056305
1745878
22095584
49691659
40824288
20980234
60267059
2196526
32194037
53456510
80606577
43651893
67472927
74332782
49668759
30772853
46458857
53807034
86669167
64466083
50342549
69274451
77837785
326832
55986239
26593348
22417110
2668491
81018628
66672220
3044479
63479061
305555
1846509
1592732
53807953
61620540
83714165
54082459
38425748
1429622
61676433
73759824
67368603
62643133
47325608
53897544
69336610
40107207
76577355
2100078
38004565
1480966
47314117
78810169
60989715
22141195
295235
41959561
63683467
87333016
76278148
2568835
1846342
1469961
63984893
1494304
77513324
41594136
50963241
63323825
1847897
59712070
62445936
54198396
3004926
56239692
47230671
338057
21980396
77728956
68432076
53808931
2510006
1821541
2409887
377664
