74279274
287836
61426003
49321772
53808961
38746377
2416190
50276270
49055217
28788296
46459912
59138516
54018691
2017983
279841
78651784
2096577
74985185
2104719
2035851
16061529
23082632
1845394
62506832
2183378
52639359
33883332
64557411
82284744
42745832
48138800
40851442
53810125
78256407
346033
2652088
40821245
33095518
75903305
82301078
4640416
56701771
52502702
79006280
63830529
67458478
80428211
64720895
48616813
36223514
1845199
83855204
2376071
23282188
54313254
59619788
404881
87906794
2145914
1849806
368914
53809009
1853107
52194779
30223333
63224672
34040524
50313347
2055157
58021956
340979
1920337
47759756
56422030
15738066
354491
1847438
16056312
288532
41142317
286314
76730559
21827908
65122871
52575579
2727313
61795932
80575155
12915327
2251785
74323091
78553094
72688599
16056242
27949249
44183201
52537812
36337898
78322799
16407529
