36543076
72751351
1853457
36223523
77939095
16061161
33800653
64770165
73494127
53810731
60993852
52228657
1821769
1437970
38568288
44757798
1527918
55940859
48603120
55768029
73689185
360145
74988969
389478
76591273
79818202
24743720
87915716
40326642
16056502
387292
1596106
36542963
33747721
54025051
72615031
59092625
59138517
26932934
25259610
326837
38943971
41463391
4746699
53024949
1852904
65805982
58482255
64647005
66956348
1821418
2931276
37310057
60555679
52936909
63996732
73409397
76784815
84928163
55753272
23097240
81898174
59711951
41116778
82239024
73417257
45265514
16056561
63182553
81798256
49849000
54749829
50008982
47316619
49055208
55972269
57128798
66835704
79741066
2007994
50545297
53807288
39016986
51319392
30362104
83604847
57090164
1889328
86660517
50707416
78144568
396876
24153967
62642774
2099202
1426467
48273181
50980252
64147234
38204999
