49122331
48382677
86920453
400402
27224961
54215637
61964805
72691532
58413816
56326484
39036584
1426469
37554962
77733471
80216606
287464
286273
49332127
1853609
79040824
78452426
360532
1821809
287889
54741231
338061
2065792
27944720
30967190
23871041
2442649
16056252
49075853
55661129
76730737
64187032
5923485
53633945
2252511
84440344
48273549
36223548
1519295
47682916
40700719
2114787
62290369
65612872
84113112
60518506
1776393
50508951
346029
48163869
70505878
66779616
79734506
289142
1851281
47797889
62434507
60044248
69191230
77560384
40204878
1845882
22577335
75903481
53807035
39179755
22120012
47463795
49700648
77019183
47761659
76934121
69723945
75288725
65038461
52939628
61649317
50409296
74174419
23551039
76203349
49169161
61299402
26057223
76051029
51312468
60521250
2696734
38810176
76653505
2055308
396873
63974088
66702586
50192302
36223533
