80470473
297323
47671917
48331091
78993732
61885681
76291597
2592177
78504567
49392481
20800868
5846093
40970083
62445880
38494576
53031945
33035173
402307
1466952
63225136
2038805
47698500
49802360
2200531
2103264
39308399
52070841
71023485
1897632
355049
68404332
64392581
81417294
36763744
41994806
51536814
79524600
44757797
81662485
2725475
21707467
73842840
36773197
2426225
282796
18024207
86460108
75731034
15031733
2698913
1821411
50187585
15001601
30291183
47910858
72815441
34150806
1422653
2417316
87558925
40703922
56383249
15227237
80961429
64172913
19197994
75129358
69273385
20786377
49963084
83518939
78802668
53592353
23049288
49255459
77596964
296144
53808264
61281968
1848977
51534925
61980285
20788345
21711939
21353552
15302893
1850568
1821662
16056285
50187010
38458309
28971092
49184292
62767459
1883840
1426323
28964767
72216903
281535
79466902
