64438724
83701543
16171290
63458895
51656387
288230
62005399
66932112
56119272
68554817
54799122
376467
23909272
29304439
61227577
58983745
67486146
37802280
2145478
56132147
15971200
61823288
59092627
79344947
49136608
47759484
61230520
61152408
37805554
1380532
36223490
69719994
53344464
68328119
68509242
67024864
66510437
53807286
1899977
30224761
54437891
17343431
31476679
70453504
72613413
57657948
286266
1847126
79953148
2933622
21127294
2251138
20787452
303402
58017349
59138518
64173576
66943225
1897678
56614602
62642779
40714149
288169
16973597
32038334
66199167
289037
54862798
68565489
69243088
50604607
73326402
2405220
60183122
69274081
76775951
1821512
71995842
31701198
2098188
361087
76753496
52367879
61019421
64663441
60672744
48334080
61305299
80977411
325143
83280567
88019923
55187063
40876132
47600624
1519201
53067527
49734462
47416344
77396676
