77123988
39016991
47265900
52292310
16056562
1899572
81670709
81425777
20955158
54796751
50687334
23599557
1821978
41069004
63434299
1846303
65134699
34252421
2251294
26486938
51309438
78256425
50914827
2345990
49377766
394208
21554247
1845302
53709158
68323989
81394391
1850914
359920
61303572
38861236
33746467
59138519
2002839
55894020
76979224
81307801
40508413
63269505
26407276
65633674
16572808
48163861
40204879
30223331
75794444
34307358
75274843
338060
51943305
52380456
2096914
47412845
82160636
64393813
66510442
5904801
30390651
2728436
49749650
53536649
2096591
36748601
54693345
42545766
65834517
55145622
36449224
78083762
48812735
1680871
63974092
47757598
55246107
377667
1607476
52849786
26574472
44008557
68130204
79760937
62172379
47317245
1848589
36187433
78788098
60413425
54199909
326786
62010986
16404544
1952187
1423096
281527
287662
77717489
