47907640
53031929
297324
73703556
47963639
53963121
48712751
41278679
391878
50047407
1850284
58485937
33777594
49337811
50914831
28971090
2716335
1982583
1922670
53789715
389945
359605
64826485
72320647
288534
54093338
64596118
74437567
40923809
38351512
64436795
57058645
82636688
297330
48621948
52109810
2693590
66792612
61483107
48827198
64332710
52940132
2188248
2446567
16346031
66679729
73920612
78711354
41194994
47314267
2931325
44735438
38568798
2383475
23091965
61465939
62936724
79818197
59138520
81700481
1853481
23082594
1430368
2095611
289395
53655218
289254
1769601
1996825
290532
77895736
63398454
78851629
65433503
48163901
78117190
41594298
33857195
79605317
48141751
40890585
30291187
51072881
83050937
49512876
77362513
83619724
54694524
50088588
64427267
2702657
64631957
54980436
68131452
355047
39179493
289356
1557626
2103527
2211632
