1821192
77460111
1916396
2583108
78684939
38655326
2842012
61547449
61848207
70761625
54589476
49303028
361305
46506626
2096873
34648210
49352713
74507751
48396699
62597251
40700420
2703535
72786045
54565692
2292780
57834759
34067356
16499033
1580068
75572903
55896323
28978918
39568824
29304368
64434193
48000832
52540245
37486089
62731026
59711968
3937465
62018471
1674078
1487805
67075794
21127293
21759979
83467761
54043324
85307340
75926061
2095253
2694595
24920858
1849584
61315125
287446
2427916
1494286
36753693
69274308
69308024
73231403
29216468
49097358
78256347
51478185
387355
59092628
2221035
380323
46418481
1681348
1844986
77593311
61392124
56326463
1847493
1572527
59299554
16428365
288225
1847662
49836983
2098557
1460804
80961484
286284
78439043
30362114
288354
40704529
2055185
1897677
55150454
53484844
2467533
286213
51725954
63974093
