279260
22417115
28971039
2229438
74913509
40558537
51915983
51943308
46516375
50097106
21315280
48512688
63745730
59711960
78678975
2099124
1422132
45297746
2150456
2676781
77396968
66713556
88416709
59654410
64628728
4249808
2059617
2651890
78008503
42730049
36542917
85484319
72669797
80824328
58526981
27217499
82985927
75479206
57337472
22865361
80227885
47329933
56151508
288533
49352718
55783858
87006324
74968341
79527367
29314502
362280
23097338
49994615
288089
52317900
2003068
22131183
33754799
62898740
405937
62767460
80036143
326818
1821744
57765660
54504605
57917087
20800875
2676651
75972356
1530021
56428837
1848786
56626717
64377062
50602294
61307139
1821663
81969405
20835322
389474
80229804
1674697
37248298
1995539
5974770
70594485
289026
393759
81715287
83474412
66193309
1824686
20787454
56326457
51779583
1889745
1745870
48334096
51922042
