16056465
2442580
65878918
2146308
32874833
403752
80462187
16056369
17440123
1821820
1821974
1821261
77465491
66792583
23912310
66201010
37351892
5247855
48625396
63353639
52167108
343190
1821480
61586238
80950157
50211434
51139084
32690028
85484284
2167490
2696820
23548179
48728262
50866489
297328
68903929
2039453
394200
63974083
81474801
82103181
2096407
2537100
76977560
2350191
82985937
83607608
47920231
1883536
2688403
48871966
80083654
61389645
72815444
39307020
36223502
69422663
82242500
43239248
64869672
63974079
64836663
282800
52689532
51174571
73609682
37147343
1957140
2655354
80339370
36223571
61317912
78779787
64141692
78235077
1852909
1845545
36205019
3000676
286207
22867790
79796556
51171461
16061167
66962216
50707426
54546711
25672006
80391464
54035234
49183454
47464182
72791152
49069833
63480860
52968717
37441782
1994785
30405169
63442351
