68075366
373880
295659
1922590
3041486
76230318
78856333
2147046
1474446
1845356
28957680
80057635
61897704
47617497
21645595
25082240
287838
68580172
48563676
40821032
62622099
37113784
34198564
48138794
3024864
6556653
17370842
286432
304599
18247406
1821307
48234721
45713345
67775015
52628004
16055264
58419685
60581711
33942966
1440600
44719456
2878648
32733954
48138072
83505301
394205
30563383
54360540
52046469
48809431
16056235
21551422
1812033
63424882
71360482
50938550
2930315
289092
61529030
75923010
48512699
54849299
55892637
66855596
60055469
74393056
330296
52167822
77491461
396874
54634223
37635000
1952395
64160742
75599031
1978972
49206237
32054052
51051429
1950680
81712367
80875114
2692759
60025569
37150215
2677602
2444210
47567187
53411377
27977211
370132
1544804
17939610
63260599
76292083
77770480
39016992
1851269
61967588
82580475
