24872244
66588795
1949943
288139
38471110
82065629
36223596
63425255
53810422
48524787
1821892
2039490
16018878
44757338
51032509
55894057
34302592
66751311
1447091
40712659
82568010
38522863
1845074
1821472
59060211
3305904
69274013
66529085
1853289
1474062
36545146
88464013
88110278
45211301
61502761
78959831
1821573
64813040
83420981
1469155
14969221
289110
46458961
74475554
69363301
71039954
16958104
1531680
51169006
2510004
53807566
52940113
2560960
82828406
295656
56349721
370103
52929473
41172211
27135866
1440599
69269750
2251307
31825006
1510481
61379838
33169615
47265886
50588333
28875455
1370859
48619652
1821676
60803054
73425328
75556590
53808353
50186771
16061173
1848896
64377348
78598036
20235721
20207614
53347662
84414397
54267995
2034011
51304460
1679745
84441466
48336026
47879981
16061093
60055411
51174569
60030677
61670705
80437316
70933609
