24268863
29002821
359604
36273944
80995744
69335407
57059748
47534393
82985900
32766466
51050343
2930958
41142318
16831280
48721291
39610686
2103253
1467020
22119838
50854097
47120345
63321520
50602025
33047572
1846402
30223324
75331625
16718728
40228940
62340969
78979967
335640
69238057
15972242
53303836
38876205
2710186
16018309
1506785
60995030
51701850
47762725
1878202
71455186
60605017
41658861
2930312
47163542
41536829
59056647
38403960
41935994
69271221
74331770
1852902
80226659
52359700
61618963
75479242
83007524
47924571
75806349
20890181
72688597
47803947
2002060
50654536
33167500
38637189
23726267
47373507
47728147
1821263
54014326
62883832
2699001
21223209
65882770
81419737
85870536
66856611
51829881
80586017
81730428
80455094
72322905
40700722
1963961
21845959
59284998
48184579
78788925
67710243
49503861
3001254
27344541
60686827
288841
34476311
46073816
