62503419
79100815
80234822
380336
35418558
53654669
64720279
46433540
48186854
50158962
51939507
44732919
41020280
70448678
2143184
74606037
66538105
17974256
32698223
34120433
72746231
72776436
17411741
40316991
1821410
39331834
1821924
49349052
82934103
40204871
55766585
40824287
2409055
55967762
55227840
48634870
25028341
72487335
60635321
48570005
16056238
62872969
16943214
1821186
37111845
61392183
66692619
287993
52677659
2097899
30971687
39307587
54865436
16918369
66751303
49614711
82927106
2104256
67775540
47104984
80176004
72671525
61285787
79524137
26612610
80181463
280111
51303872
36223605
28840249
63070941
288945
76340642
21127291
79121640
36223524
313697
30223326
288932
63452817
37952580
47972673
29506868
42314326
22979295
1922405
286163
48506860
16790305
49521675
36205014
79117513
49360768
2192964
62870640
33723676
69127263
23815239
56516313
78780245
