287868
54071636
16357805
16357905
16507002
66833345
2724849
28964111
86654055
50211463
2096494
48616149
2722532
50440145
1992446
76979974
78868381
2939346
2251306
48406477
282793
40500023
2421954
26612337
378594
55227859
50187048
78853404
53494268
61532765
61630773
4799117
376471
66871667
71383448
73724827
388215
48326094
44758182
48029289
80227883
86276156
20075835
291073
39329058
16319373
326791
64378120
79531585
70265623
287883
51025252
77458921
65902637
2994043
295454
1849372
72009965
50084952
63316221
36289426
83141646
80923159
52177910
53810450
1821179
63325049
81240505
2271381
51961456
2103451
2098300
54829301
63406953
24743718
48619059
62165376
66695092
4133316
1821180
52546495
78581954
74382476
48479435
79999605
2103359
16056288
48725033
79945468
39010818
31556938
69273997
16061177
1525767
33327832
33777676
61676373
392466
291626
34212302
