66724639
1543161
82990175
52117136
2693585
53098465
2417164
285994
77560387
82081080
33656096
58145738
61281970
20967326
53988138
48163865
75484281
22134901
356531
1821419
48713040
62276642
33058382
61465833
23917724
72752637
56126020
286247
359639
64287705
63099140
2423258
20788381
39612897
380337
45235340
83141644
6787020
1897601
1506784
70503375
41594300
47370705
22241952
3005577
28971093
300498
1494290
42313361
46274290
32782910
80830433
373570
1449108
74765992
52894344
6006806
82327761
17122625
29304420
69728289
83061081
1441115
1889310
60005642
2099407
2444139
1821499
60047550
82269003
66963866
3036410
16056427
2007426
1848196
1494294
30223286
79411660
65947584
49387316
59794116
51849149
40112475
2089116
285993
62666547
353331
54868279
298516
288205
78552150
48809432
3015181
2251301
6022332
70202668
49122140
2652269
69216219
62597074
