70452168
1850567
2672848
20254333
2143163
50707127
297280
2096902
63226728
49136600
64557413
56609005
2382355
2132324
47106722
47757077
53137302
15050282
64611917
34117139
60281079
77246829
79103559
63356159
42549288
27659026
69720235
54199501
49710297
83490526
48391720
45626122
70455711
33656116
2563687
87710225
51308866
40537896
47218852
55150859
86005524
77848843
2251627
2702655
2144482
41592815
68328122
63915503
39412813
2008612
46312810
50337689
288214
36223554
51830204
40316399
16056325
1918342
377526
16563516
74771507
53810433
23609680
80210030
50699650
53807370
36096736
403484
78799541
76979846
78531352
62827768
47412376
79026951
16718765
17204351
289491
1846299
53456125
1845232
52291051
56512553
52068305
57444415
1848021
65828268
36499171
61269461
63266578
76743766
1888275
1925705
52291048
27312551
18023390
47218199
87733761
52196640
51630761
2131268
