1957612
2652757
2417309
56240943
44758955
43041307
57492273
2097901
22363533
48494230
1580070
79612905
63678840
77498162
49360862
53002856
405983
80206349
70469254
78183778
2785026
48416901
2252512
4487274
52257003
16056271
1897692
60681848
61425462
69292034
48616807
26166999
284345
16537840
65356970
60032625
21563788
47813115
47265857
17974257
51051678
2135389
18048101
356344
80374439
55227845
51050346
50262007
41074156
63452818
23191466
76789833
1882824
1821921
66831988
36768974
78146886
40961837
1821768
64602918
79142789
71860192
1519266
53806799
80083721
33496273
69421723
53883627
2098293
1956651
33754804
1422131
84061300
26951785
21996896
404936
353985
1535513
53029213
2696767
38108075
72815430
62722063
1772491
1821513
75633353
22368126
47682561
16860731
35429947
288683
287465
81752176
38742558
1880828
49806697
66836857
78046904
3008561
80859937
