23609656
1847889
57967025
86933310
2555581
29972581
64341172
68565481
59866615
51012423
48749372
48258086
4894500
63676593
53121714
55150458
65465006
65896859
5100992
41683127
354513
69304151
362286
29944614
50861626
28428513
47921102
36851172
60578468
1747342
58302614
30913400
2142682
15034376
64932205
20486987
39251227
1851060
40899988
71023483
390994
40862724
48132681
82985598
1747343
1519454
1443424
50661917
15060032
44583998
65731308
69336832
24767411
396883
2900115
1850236
23242449
26954489
66988786
53816187
54644489
47324937
57561007
43650032
22417261
38520387
2417166
1821948
36533121
39829236
46915938
30404572
80031186
77018631
2651893
16061162
1952322
55664678
279591
23191641
49371880
2096369
1821504
37113785
1851277
388213
23996851
49729812
78471022
1521709
2103182
21711946
55893414
55916978
391879
2928293
1951321
287996
1610849
77457108
