82301175
82213546
16863976
64183415
48909556
1572526
20680351
1821661
53621536
87546213
75585390
75794456
78357825
23609682
56091827
48160688
27245660
26631902
66139559
72726632
47771947
83710880
1515651
64557409
38847871
44757853
1821552
31700860
60838714
75479243
331942
1846316
55306294
28030398
58991024
24812415
53565264
2134139
15001584
287656
37596632
1821861
85807339
80326912
54713666
83752937
283930
395993
36025842
86621768
70698906
360009
67469465
33649810
60993208
39082896
15052891
375351
82544181
53203631
48275458
372240
52271201
80419999
50222761
56326470
6263982
85268426
2120216
40821031
1717824
87621700
29304330
50088589
41600302
2417310
359821
37030037
62456848
54864273
1759414
61257216
58058569
47617496
70947815
58256373
72196409
53957229
75049894
80248987
315659
2724871
49184344
54850222
82213618
36223553
66724640
78153133
47759820
287557
