45557631
63094954
37192909
2136088
2059378
1878943
2146665
45297776
32773038
53206454
55246054
65656396
45557505
48360981
36699820
30772795
56673364
82742278
289053
74214693
52272135
35796948
60302086
66674955
41652564
52243655
16741492
288731
64720897
3013099
16056289
1879519
61259478
2929705
62849704
16061179
395994
33746448
83141639
77800360
50564726
64365731
40112821
1984801
1923108
22135194
50508822
66118261
48331603
87546212
58460128
80817669
1897691
47604236
17224259
85734454
49244896
1681055
78565855
2476921
48331095
60686823
48636401
50442046
78254505
68283924
1853730
1897680
34529743
86668741
66623325
2097598
49184294
80226055
43698549
61425534
2035838
53580911
41959560
5974917
23916156
52646004
81690172
49527110
1919182
61475706
48023659
78858434
76784032
48140346
39181971
60639678
50860770
30509860
62322271
2096417
288733
35922720
61272411
48000687
