4249813
51873151
21943998
402978
63565910
48138788
56462569
287945
1821887
54361741
75288727
390618
54102609
41142308
2099137
387354
36765422
50270156
2035733
47765627
54980420
2416866
47313837
1437951
305462
57981264
1884141
362278
83006809
80437376
71056267
2073858
281524
16061178
33959880
331801
82967240
1851575
2563686
33747709
64258672
396878
1502950
60629701
80337448
85384865
34164350
286274
23091528
89560248
54382293
76702751
54635300
39933788
47414526
360078
2350769
50158556
2700179
69110254
78439037
53808991
37209377
2443361
403490
1570194
17417930
62712462
1849732
26566801
1770031
63340294
60022310
43922247
82071804
72752701
53810707
5949616
72792738
2698854
59632777
76341933
21414845
72333800
28052165
53548881
40053536
46687688
1821185
74156713
70451906
82556127
1458154
80579764
38120137
2158543
37792946
50316813
47324899
49863262
