1759422
20222930
16499032
83141642
64681788
2655463
47163831
36498936
68565485
72140358
29506955
40703921
61281969
27800133
81308865
66687935
68644428
37113786
58126370
48622882
61234542
63945281
85756325
53806862
39251220
5767925
20741900
1846333
83129682
83073045
1851307
82572028
1510711
69197169
48023677
55665760
38381256
40876156
82518749
69423872
49969728
40756194
2931061
355057
48360307
63207958
76722875
1919955
2667609
23555128
1821443
48054602
1503826
47227535
2900389
76102248
71383488
281151
1422387
73116838
53808965
27622132
28428437
32765971
50629759
2103193
41142314
1851571
22023531
16970851
48091419
85907903
286070
37103442
1534303
1821415
62165058
64769768
36504144
62437244
76386117
65338045
53885743
2900111
61721145
60770027
62614424
83480443
61196431
47193053
283767
83561305
60025576
20486982
70549564
28971087
2684745
62080002
18082730
49518099
