47229711
42493974
86005518
78342088
29893992
39790147
55746798
288538
1422133
48745525
61843050
39930023
26602224
288671
22415882
48000694
53823331
52411187
3030100
80435808
20787451
372223
36543162
36682000
83046413
60910320
353564
1821845
62489990
60027974
22134902
47193358
1748570
63442187
1494291
1951853
1821807
49660302
24173805
360021
81073872
88677992
70482192
1463161
48708866
286269
81670715
66776742
2661217
288424
61604488
47180281
396872
79230836
63929262
1747339
52532035
55100975
48263750
61580804
62642778
72091211
297401
1981100
47363920
50224437
359815
393019
72561435
2093087
290779
36558065
78059789
79503133
52096986
1876834
48407328
36204817
38558815
50220927
290781
1978520
3586331
53884420
54978389
33958715
36223583
72310554
1432745
26593139
50860769
47318815
31587709
18291927
16764540
1843955
69537081
40820951
1745871
359843
