66751312
47755753
47910838
2096896
81826501
80581305
82268999
299933
50842122
83510683
62168262
6371244
52539714
83129678
79025326
70761621
33016142
405908
1853322
64287703
2065800
46687684
36223488
21782158
49039782
61783673
285996
61224599
2583110
16056313
17987349
72140363
64103973
67194356
286254
1850760
41738080
53094598
70262438
29204914
72772561
27659041
48617945
84037870
49428766
53670398
54077395
73270460
16630395
67233390
52302597
16061180
78076599
55764298
1821197
64806591
1897664
34115504
51885673
286211
26407277
54018800
80437389
67015078
49061556
2104249
2055330
66581392
66591653
16056326
16042233
36223542
30988744
16786566
39307585
74335588
76335920
287497
39724594
72710975
58413820
51931744
64254725
16056291
57178986
86325045
63176413
15727796
36769020
50513237
77936920
51259806
72773704
67839920
1997935
74948298
55075801
37150250
41719188
65690441
