26461115
52510704
18048207
79533922
63992968
63082292
17411951
84907208
78199912
2093648
335639
73717612
57189963
84223457
83490575
70592878
361690
84441469
38810179
54138686
1852903
49244898
53347667
389949
50289069
57151553
51685609
1847537
16979207
80038367
75117417
47218417
2096592
21711941
45003558
66967312
50703193
68323976
4155228
288201
375342
78227749
69246132
3002326
1851302
48915913
33878908
1921585
26204061
50293326
59654411
79761520
68566099
72684933
3003064
27068933
62436629
23275335
66193310
51880000
61256985
86653255
48911278
53806790
1821178
27245722
67770947
56148541
86460110
289088
53807369
2093923
1897661
46063593
80462189
68558750
72556538
77631985
70627733
58983755
54157293
288171
36223565
319243
78083763
288277
53807388
2093134
48899250
1821743
71485295
72322880
56279048
5101065
1846312
60634728
82313491
66793973
86581898
51310851
