31476216
77553525
53810836
2560978
29304515
49043999
53228283
1545597
50989841
58561729
44741230
51858588
30404568
47681007
16830511
24749780
23049285
63303478
63978216
48005525
77883485
53145659
22286891
40730562
62165009
57449541
2096783
17411949
75635190
4747744
14990757
49919927
66744989
85907293
36223500
36658716
61886848
81049197
71898890
48140476
288207
65901788
21969266
56091828
23814915
1821623
83190320
2666348
2154700
2739393
1520024
1821510
83007884
75730307
50165701
42730052
51368053
53355153
59640492
76644965
82567591
78147863
65885674
2103941
62622694
1674679
2207541
29041704
49294109
32925377
69262643
50951484
63117108
68558751
2414207
286513
59176301
72755701
77020590
1469146
47921695
62429673
51535844
56091832
56472438
359387
87233247
57818803
58977440
72352939
288206
1873312
303179
53803777
41436546
22023510
69112665
36951031
16776635
48912795
