42313356
46459826
61339532
337363
54052424
49312800
52649773
71444347
53810419
53809168
37199788
33967536
48163856
60889918
384641
53668978
63104860
61705674
72597708
1821678
1607637
84176501
36806942
64451336
60516471
76987963
36121773
2095249
15011775
34124709
317992
1821578
62883492
54614586
345189
68313260
37260443
2095712
2103196
48634661
52940114
51304461
61814089
59260748
2064285
50338057
45937521
3120797
1459417
53807527
79955757
36950890
64089298
1774329
3043332
40708227
64845901
80191560
33939516
21265112
2252005
4155232
83855205
54620923
1876856
64934195
62465406
50545286
57373148
37113777
375169
1821713
86812665
77558881
52539965
75805709
2651922
49078781
60580200
58343054
50848728
54570616
24743724
24743731
71361101
78147552
64164624
61395749
82941372
70595043
389046
29179969
360030
1821695
36223525
36699667
49980725
22103643
55755142
51171049
