288808
360039
64332979
83141645
82265089
80248929
37147820
1828068
47759733
2103249
1853915
24316491
83693348
326377
79723181
49967320
50186787
1900372
63406590
4487273
49036915
53888113
28068791
1821802
76722891
63117760
53129267
1992491
52540188
80258073
72671000
47883704
57285890
79345854
89114165
56540836
2929459
55113248
22058601
80256883
37113783
47193627
2430744
76374851
1539056
24673345
45172274
62271586
77597835
2143126
1995542
55750858
50873018
1441482
36543149
36223556
76691154
17100594
288813
62395565
54641158
48132336
50493727
80235932
48993156
16895089
2039489
40824292
51298243
66752761
17985834
360133
84830561
78791353
50933583
57732694
47765629
45948098
69262825
64071480
64161104
79526244
1897615
60631086
20216434
16056545
30320617
36503191
1422130
64352718
53807272
41754420
1832321
1843758
55700742
80540573
59932234
37209383
297200
51028440
