42338264
78851757
54592919
1955533
346032
41074157
1626976
53826961
26267777
22131186
47218979
360190
16570381
79609196
84660448
80548092
292418
1853055
51065007
1448874
16605359
54589474
38497188
300191
66567064
69539919
2603925
37147569
16061176
16860726
77230257
22131187
23103916
287864
1494300
48181055
30223292
69696892
52540283
4249814
287997
1821772
1848655
38855148
36625780
2093638
38499565
2696780
42882699
1577032
58988986
76580795
288675
336179
27630410
61268934
39329056
3002556
40053638
62905158
48910512
54614587
50158562
49078788
3042642
22134906
2604169
83619817
51829819
73836350
391880
50707428
39511988
48151802
34410336
2928804
54871995
87003702
51101506
30913399
78782486
396875
53300188
37368355
1846256
1846331
78085795
16357902
1821805
83518062
49339671
62341393
49079689
68889016
3058828
40316637
368789
1845787
48235052
85053577
