2725477
1853751
27930300
48712739
60057020
72297524
53813061
52545732
377762
85401600
75199867
1584459
290515
49090973
77560388
62794455
74519531
38572326
2134999
64627191
69274479
64167481
75928715
72863023
1821774
1632781
54362188
70929071
77726860
49441298
38468407
53632224
41094551
63758893
63915495
50211436
22957989
2034606
52516087
50629626
63758891
73430136
78256382
71374230
2110230
47998470
42761318
36223602
81286642
36652556
49250830
1458016
27862634
85078449
49571421
37113334
4038052
47227537
20493116
1603591
51735183
46069352
17346328
316636
53808218
2183033
1847720
1746278
79526240
60528511
80228478
22107417
16354899
51292572
53185530
386477
66139557
50278310
14836783
23049116
38886605
36566909
66314813
286262
343188
37267875
75963785
24418556
287447
51159802
83050903
55852436
48029952
75794449
86462713
15001600
63653839
53988140
77944677
73623692
