78651791
78553376
68333300
20978144
1845065
47876860
47351062
1573967
83555670
78711981
82161827
73085482
52821735
54956576
55235329
64318234
64188227
53808951
314366
60182927
36205016
370220
1821956
80398819
47981669
2096201
46149428
53729334
37632676
1679748
52003196
29001404
399452
29068300
41064297
81790200
72759597
54639227
1951594
2698879
46418378
50238055
80056079
85441354
69244798
49737413
2477117
23725913
63352752
63323905
78353315
75427877
2095706
2132330
2701216
1897693
49165684
49287903
83770744
51634328
71359879
390997
42745284
286865
287502
55207855
32662829
64597970
65389071
69253371
1531685
54652773
53808053
53810117
1957548
46523747
23029661
1821204
64207506
67874065
60841980
60031306
2384562
2677643
66967756
30343537
40824291
24749779
57059641
78502156
79818195
48567645
30404766
63163958
21070380
47917509
52591088
34648214
1853195
286098
