326785
52222524
48257780
2098162
297281
50360333
60686830
70313981
36562232
52627992
41551849
279932
41910523
88468053
2679347
35917968
38473767
68070037
73420857
75973090
62643130
72223010
81302232
72784960
49265110
69278031
35917895
47586222
69273532
83770974
1535619
39179459
41366752
2098701
53567734
48352903
84998903
53807861
15988602
73844821
393322
85318125
61724013
1503098
353561
39934785
1550345
67032620
47168981
81686822
38810171
1949824
1821833
17075266
36560183
66639255
289242
359467
26893953
83050938
44756274
72618190
3001258
55069438
2089115
279589
359878
82130730
80072269
63945072
69262141
295010
53810828
2840821
3002323
16961030
31248166
64141680
81465891
77412624
25283455
47757533
48712813
43614955
76221377
82990176
376470
286259
51262907
47310280
2442582
62649038
288569
54071556
50090441
47218980
1440607
4153081
54880415
62302334
