1917470
54633901
59654408
77398166
2710193
57773909
48029957
66466655
82016395
24743713
1890632
307778
83035521
1466661
4855180
47537614
82909550
73123158
39104853
1951725
27858973
1848529
40186921
66840424
3207707
48563678
22114955
29964165
77765107
66234674
289307
52467425
2034645
62171586
83205959
53355246
59055931
60513025
1520714
53807944
2679612
68356295
5942094
50620452
321491
79515519
286864
1976235
1844301
1846321
61281944
87961613
78799034
65987607
1844270
58460237
83111793
36223618
36498783
33283628
66157993
64173782
58273662
54301714
53009701
1957042
1897679
396718
1461899
62489995
53354529
57917939
62483085
79818196
68311537
340109
39539588
49065391
2510005
36223616
57981531
63974089
370140
16630931
16056445
2073110
37110037
64454111
79821839
51050979
1850429
2055205
50630058
288934
17975920
30974877
34208475
69299937
47802055
49076658
