1887380
1884139
288226
43614965
79631811
81040842
32225576
62617368
5767922
36543302
1771237
39414266
1851055
49052115
24749778
58429763
78560218
69274504
56576753
370197
61406791
289119
22115607
1633618
46032602
54853666
82136230
2136993
1952392
360074
1847002
82033871
61387677
75972409
66877780
1708168
38476127
2356054
1846152
64141678
80255216
56352829
1853518
23367850
49250887
53460757
52915482
16499037
288938
289488
2130955
16754639
51183873
1426542
2225665
1843926
73661926
75961244
54984075
1821626
55227848
47466461
1781027
69697225
44012381
56078981
2350190
288350
36591905
65852894
72617097
36162624
28927243
23726050
37372701
58126941
63974081
55129718
60592710
52177909
2144643
29041693
375339
1848900
40378528
284960
76035991
47762349
15001598
1846469
58092097
41300866
31541715
1824682
51020865
359607
1845194
69098052
48280233
44719509
