21827463
51064241
53808310
36765752
66311328
2103360
1776413
69238078
51921630
26360030
80544961
1776391
287498
15001585
51534927
39307584
53428641
1849252
47911531
63158834
63168970
17228160
64085192
66780074
61452140
30223844
45262304
86232825
16171298
55746799
50643109
54799116
63217551
37113782
17940486
67471316
1821435
53564055
33502523
58464781
42175390
70581101
64939109
46072751
37145392
16056200
61302404
6006810
76730706
62168287
1854029
289369
1800004
47456177
62445920
75749706
56326485
53808702
30223322
1821808
286245
360187
79099072
22963822
3760396
40441304
62844218
2096708
1481189
65013895
32993762
1951537
81807876
356345
77118479
48331234
47770478
66782576
65944062
60821288
75731231
51940621
62022595
81464559
60777003
63766965
2383473
64206628
80628836
1454826
76486384
52624066
78247423
78501796
76051683
51100890
62345116
79346311
42730048
82071795
