33494712
50310150
37416338
2666306
403547
60629021
53373007
64663397
65695755
17223448
387275
1845221
79985018
72219582
82965068
51025599
33785405
1494299
288505
64590444
335643
66778333
24743726
1422146
78190557
86243216
51013799
49039437
1916484
2355907
62829282
61330535
77426694
71972233
1888286
21912822
47759813
2170487
41373910
55977344
1845205
1674621
46064775
31255490
50797940
51535198
2446565
20378638
53339076
23721283
46195872
1718444
63173474
290833
53807814
51724484
40537897
35020601
41910521
69728288
282543
26560656
290806
1745879
359470
360033
362406
61271377
48352896
48005747
33656094
64915237
2383470
2476919
21127295
360144
1545252
36223619
64764835
61898638
60686825
58255795
289373
39095708
15030718
1920064
85760958
69274645
77019656
1429863
2142624
17967602
1453315
39513341
79966557
49319608
286150
359386
1848856
18205416
