63381725
66510433
63889754
51693306
70468904
68520550
65862296
52540173
45297833
59043037
22902947
47761596
1949672
16648776
5643889
359606
72297525
355802
24718436
2138478
35638708
49725293
286164
1846156
68076754
79348788
1532380
38437933
45212709
76279645
40700424
17282087
279174
1453149
32629122
59084286
71465887
49132619
4038048
50164545
2095716
16949220
1919184
55163839
288874
2607742
23978451
48163858
59683339
41299659
47412958
34134625
22368536
62720696
52503024
60577071
78504303
65806240
56512678
3465375
77782703
53814306
2553944
281529
47647808
50950717
58974045
63061142
1529849
78897521
40873603
38500567
23721342
287841
61278695
18035698
66855381
64647389
17100636
1916272
393760
2417165
39181993
48508865
50506384
66988759
78523963
47316857
1821733
62913490
62494848
55234484
48436411
40513323
77839978
18275998
2696511
54644490
289141
34820385
