1956566
50350124
359608
1821889
1768539
16919901
49274617
289259
359842
1846549
86191680
53681087
51051117
51599801
38738417
21129419
50601636
17122589
36543176
78775535
370056
54051451
2074064
48910120
67839921
44633401
60716182
53807995
1821503
36673832
82158210
2585400
57277131
51013736
290780
76025233
82161849
71477329
40231000
331391
33200012
2033479
62651721
2378783
2171193
49399491
402230
1447088
36223634
64132135
60629183
2100011
41116143
40109552
54799119
52317611
16056353
401205
1846987
51848084
47464170
60634834
3008745
1821812
67011405
36223563
33726668
36072887
16056395
1921372
50592431
388217
54614582
56547213
84679332
310745
61184116
286204
54477965
65913310
2200532
54323124
40703549
2006440
1952410
20254549
64933239
63366526
78450345
20800872
55150081
26051864
287971
72004109
16967461
1889769
360081
48319678
42730051
65843991
