75358083
36368734
51061765
298848
47765639
54380232
1921690
55892448
1821950
66714217
74176482
22085775
287923
83125322
1909164
24743729
51064245
25259609
82646941
22285548
1848430
32253988
75943758
53809500
1957273
1853924
49810804
33722273
1581755
50586785
83701558
2120218
72673782
48492080
1854066
27293460
41326025
290535
54022264
61791565
47841229
53807036
54695635
83001273
80266345
80624388
22375143
2221037
2694585
286184
1821728
81007767
87416617
69281454
69274161
72764733
62822681
83708407
70467987
1824685
72513216
1879189
281533
1845591
53963125
80382491
73429119
32054050
2251494
44753373
51050345
51320468
37157304
1917088
54238696
52100200
398972
391881
60995345
75794451
342778
1772496
53808873
37147346
40824229
29419213
6787019
1878520
21627618
36840525
78495440
71168971
76050551
24743727
2103938
40713336
16979208
45700100
68568701
81969404
