1480959
63344436
1911916
49101763
55894051
285712
62843141
81289243
1519579
49267943
29167434
22136523
1843869
63338155
1464107
30668204
35750255
60059467
54087433
22141202
402308
31042677
72350611
73717577
15012101
2442583
1847486
62165130
34210539
50482325
53142708
30297977
1453316
80646796
74469628
53809050
16958107
49251531
360055
36223465
70639067
66195504
2198623
57731805
42313360
36223467
30729115
84977413
38570724
40328210
2684670
47309324
53803767
57068421
53810326
2103194
64380616
79975603
78450349
86438598
63091361
20241132
54745053
1853092
56091831
61010949
50538668
65808640
2096841
41594299
80224474
58520682
77456836
52646318
1851285
1897407
360135
64194168
82286966
49039378
61559629
66868932
50967574
70800046
2676791
68240727
83084152
77898839
78690100
289213
38738428
1957650
2221087
72815450
44992239
2076784
48688414
40974073
45713338
69287539
