3002327
1850400
1851446
31255159
65885586
69274056
60639651
18371177
286302
46576052
81670712
41529202
84501588
291937
49118333
49702148
1844016
55040394
68075747
64779486
48479546
1846959
53229492
79354916
61203354
58175309
49184803
2572557
24743721
71904273
396172
2055614
1529246
51308924
288721
287937
60570925
62846062
49089745
1851309
26102451
1486678
63974082
20680348
297410
49992752
51810181
23091968
23097237
16018876
38649919
1821464
47315926
1469962
28423996
29922849
79610207
2652964
47658876
32925349
362281
1821620
1466832
49069621
69210582
73076016
402467
65729681
2361313
289636
24548495
73288205
77260856
287888
2184899
49849002
360091
73253026
375346
54713420
2137669
73404616
38029219
1843871
79761440
83141643
24305947
45927531
51883714
27344172
50338062
51450910
359618
63833497
63974086
52627986
42309518
78943924
82990180
83492878
