28085433
39531416
36183790
49328672
55150460
2510013
54122546
38743351
63405341
61736075
72784925
2946277
27636663
298521
344457
72140353
64700737
1876918
18065250
75129385
48476256
288437
2167247
288032
36698529
62018360
39182053
2806909
2098515
1888267
286154
1846555
60714690
47588096
2164870
1447090
355595
289289
37211382
2092847
27219184
1494288
1846430
82803151
84598742
78790219
368921
47118663
47537597
80485876
80962607
81717471
82020956
56693702
72691557
53455434
2095119
33857199
1422112
1847773
61391660
64187762
70748934
48145622
53859082
4038049
24743714
53813063
49030942
50088584
1851180
21970215
405097
55508742
43047789
68210825
64920970
286315
50660171
289111
36146509
80339243
48091277
60841036
53809419
21459312
49058649
287804
1844296
49863440
78943922
1534676
398824
65925756
1996786
1850112
49287641
51241190
1572573
45626129
