60908666
47847699
40785419
2716345
64974403
366652
4097433
399285
346028
1851274
1916978
87072199
53807251
2928268
359793
61561420
80802774
75118098
72776029
1516671
50651601
49364279
84388659
66709649
54552438
2200911
2514175
44757442
297104
36498810
62446063
60055373
82269002
331937
1534361
49257237
282778
286316
359556
360274
1463164
83253473
17975918
80885935
1519916
4862393
28842310
1897696
46022778
87916481
69669064
78471021
80936143
297285
53809114
39901291
40236733
38224956
2686352
22109672
51535221
380072
1781022
35891366
38696341
24691572
2096368
47279674
1845601
18143216
58826092
85301993
34104984
48060148
1899649
54326918
51064244
1853441
2672646
54868282
59627004
16623685
62392376
62828901
61835584
2413191
37555524
2929709
23899474
48326090
86910483
49076664
2137724
360043
61234541
58461051
52940207
69201955
52544110
50156839
