3001507
1821182
66967643
16458043
33878467
46506215
54504891
59683970
82301068
1770401
60995015
66751309
41934992
69422701
78148080
64628715
40770872
29877521
288282
40714750
1847787
36286360
77936098
62567344
302109
83116732
287022
24407202
2727299
16080254
82529609
82204355
77780903
49183456
18236144
394814
47517081
63203775
16823094
66625744
41445908
70237879
49321770
51474775
343189
372176
62018361
64215461
81117948
65808605
59801860
53822424
53999826
49996318
38505587
47549249
1831902
46458968
78729910
1989619
5953288
87659202
66949619
1510875
2286378
24615337
348389
46575640
66222274
66838637
37441844
49273713
56153766
360280
49057906
48618149
51013733
84659539
1474548
54604304
38634083
1853260
79026934
63830514
14963128
83007882
48168829
2568862
1852999
377512
68565141
85843868
68559059
25700445
21977390
47709229
288030
359882
47366024
47787293
