48000699
16563271
56686437
68565490
77706576
78187859
80962545
1825983
2158541
18066833
2479243
66649352
86264760
71257184
37352085
2133945
1853926
40876150
77240107
2372529
46687098
1519897
80318647
47180138
286491
52046391
16600297
23715268
26198543
2495939
23925708
361471
1573809
64169389
54416535
38048560
50860767
44584003
1847535
83632670
17931361
63452813
60055232
82322798
279168
290475
54002928
48529517
2153129
37545508
2076934
2659658
1821454
72863032
40984820
84392943
373617
2225673
80923913
54184853
49036766
52073109
2146388
16056533
54981796
65964013
58498079
81870586
75976881
16056451
16823137
1957141
46834990
4249815
287596
77465172
1821940
61281967
1488906
51025598
5251708
39287385
49258943
50514357
404920
42747125
42066862
36028534
287994
65987987
54415480
81670716
50481524
43231610
49076644
49634713
2222512
15039115
16973747
70786569
