61317588
77045447
61195178
69233697
64216857
1845077
360090
78075624
22958441
39204435
2006999
287648
47410816
1821264
52018721
84387192
72993628
1897609
51310800
21341473
78450347
62435324
61904491
49566034
31572832
1821986
2495938
74377236
50522624
2527289
288208
55079813
17412594
20496726
2655437
295651
2624825
84614141
20993323
1851444
69093411
1853808
59973972
72692240
56326459
47977480
66988695
60021660
77153240
76024575
64647439
49242414
1782269
1938909
1821460
31696889
53822423
16042465
53809112
16056199
2099064
54748207
29304532
286243
40824284
58413817
375337
1454689
51631276
61964688
82837093
16056300
16061094
48162589
61392167
48406261
93027999
66469688
66214185
21224538
2134600
4747246
68513511
30223284
16056556
3003229
37542039
52211832
16056459
286032
74948301
3001252
77959297
63275633
66751315
2188323
319395
51494459
20959344
48436414
