2066191
78868383
41894952
1850483
2059379
21792316
50707424
24549726
37862134
53963123
64850771
52627990
47193879
47350967
27658810
286034
22889965
404966
36223536
36857702
80326914
62571404
78715581
53803773
5101070
360058
36701414
1845606
1846423
1847303
67458937
72764831
1681347
3938090
2103257
41600303
16056449
1984572
56091829
377524
67844359
36426512
78239177
21281186
32701577
3047136
24743733
53808856
50018024
1853067
49277161
54644185
87039211
52519397
61091022
81401678
3347614
58419691
2014079
2093084
379362
49518016
57123249
2596706
56731315
1878497
54979261
36223559
57885909
2264178
20240412
342769
1653476
64680667
70596463
48610751
2379436
281534
61802532
76977090
28840255
1482263
2099107
2250591
55899506
287803
23550861
75479233
283929
22860406
24743712
38043826
1878690
2250212
47501349
396982
60719462
37462250
346415
49857042
