4265134
70119856
75926131
289011
2131787
1897683
49165691
54869609
1483200
67193815
60840848
34820388
79764013
1674623
1494292
69357913
1926454
3001246
26499960
50707301
51275703
2698887
47417519
49057536
50707415
78793185
61660032
80395054
50761275
66758626
54506375
40712748
17100609
49319963
40876094
86455779
53314643
59053196
50216075
2620585
1849681
52092951
40228934
60640821
62554515
78235078
7328018
49368845
51943306
2002830
2655428
49249519
1461894
286271
59973886
78943864
79990190
64188890
288209
83750313
1440841
53192726
1897665
49061553
77951894
61271552
291013
56091783
51943312
21969490
44757851
73765286
74765645
16537842
61341064
78524181
63443507
1854031
26038372
26572152
49734463
54983489
63953057
48327210
69084933
53807586
49303027
49320074
3068080
76944766
53809501
2567956
2095597
23082747
1873306
294882
23191411
84912352
2710192
69238208
