297284
53502884
20043445
279867
26954515
30913402
65356968
60055470
40713297
63521446
3160876
53806938
2103251
38041609
1922070
359676
1821616
48629655
57917632
72522683
64836684
1941039
1887319
1888280
2662797
21188234
2485842
343194
1821675
77143429
21711942
29060203
80924005
2422705
54744993
52115700
3018532
50262006
57999122
85332727
280103
1547107
24743728
2251497
4746756
338250
67376226
4153078
53192727
1853194
20217808
59999004
36498828
82985597
78450343
26932927
1474546
54322488
47770506
49423331
2892890
41529936
1770014
66751306
78852579
64172917
61389179
37555474
79014568
71997641
64585685
2222340
53189125
85751190
87733763
80185212
338938
2196524
2646763
53807529
54087525
47881521
54459645
39884705
28160278
1845237
71375630
49426605
52341184
1469357
53437845
20888128
37163031
2091256
16648787
1897613
1821576
42748886
63476237
1474540
