38667251
40820952
49322942
53803278
36746294
79379934
30404574
74906615
52540185
33752959
73162076
54202115
2616368
49166747
38742557
16061170
1897642
2696743
1527875
62460726
78247424
44723470
74395728
37116233
1921448
1851728
54984024
51053064
36822707
83982458
78786853
5942266
289490
66852454
59627659
66554717
59326518
52849787
33857207
38388767
6787022
56298945
1595926
33878906
53571623
1573970
320123
83272128
48054704
41594137
2251538
44757339
61721171
51535218
32662830
74281211
283530
59319158
1850437
288012
288173
359879
360841
46458957
86581886
6043792
1828071
75734657
40119528
1949690
36175575
53354785
360066
49331996
76209431
370322
53808322
1850860
2681297
289084
20487867
74519528
50187057
33189070
64471983
65160414
50209818
1855381
52391501
51335502
24001380
405155
36543495
36223561
78478928
75633563
49178025
46789623
62844213
54534394
