53807289
2902693
1976413
1954167
20973913
55765897
359824
289365
303177
70537212
36662831
17411950
1494289
61659750
88021941
79946179
17582581
287954
49037688
48188249
58010910
64749847
63089896
80218069
1534511
1674086
2573914
20888098
2655185
22039583
355914
68075758
78256416
72322878
47876923
1992205
5942745
24539983
24583525
50301655
49829773
2035555
16087929
72757735
72777343
390996
53808318
40039826
23049923
58983689
69547739
348914
55933664
24743730
52385531
65801031
72815440
83767667
76368635
38545672
2137659
38221593
1821635
1846854
83211932
44757852
83505295
72847188
77997756
72613382
55013666
75330748
1850037
49244899
29989639
15035820
405144
49136602
64307318
62461666
70155969
34030683
1940959
53810333
86933269
60686820
82985928
77767888
81725283
70481912
72621105
41529961
1770043
286982
64191495
49323176
40821025
1862681
21307111
30047542
