66761290
1864306
37103471
39625779
16056278
16823998
1853648
286202
54199858
75331224
48132977
1466563
34166471
75029522
34209388
34648218
1988916
1853891
54644499
1821694
27120388
87174077
65927693
40201759
48397669
63502476
78968216
297331
80248928
49612699
1853138
24574716
23275263
78848041
1544954
63181374
36146535
38476255
22085829
49323088
361545
63374595
76680611
50280895
36961620
62072969
61099245
1552870
63945115
69336833
50127287
2198625
47317376
56673358
69338631
279197
64668781
1853927
21734505
286026
357151
57059761
66975806
66915409
28097346
49574246
62489992
22380276
14779658
16407051
375341
62821135
33024795
28694474
84659537
82593649
34039268
2583109
287443
63324974
65038054
80821049
83006810
81717484
71440720
48911519
297329
51829289
2092797
1885618
1985964
403489
359963
360486
45810188
61032244
62192816
62643131
70962143
2633627
