53808102
53904352
53224683
1529756
83685363
54546644
51032516
34164352
55813087
55718549
1502954
42920224
80038368
69071631
63723355
58256371
1856157
297287
20823846
2103902
1853817
54853696
1847945
49308726
53203583
33625329
83501673
77704537
72322003
48571743
39088882
39150870
16741500
1954171
2682803
2684753
289300
379277
1849186
68119687
53233108
36547828
65802217
82820930
54534659
57925295
2652688
1426324
360242
1750115
42144153
64466064
2423569
66041968
54360486
47771946
49011612
64468021
58530787
21707470
338685
2096838
3399588
2271302
4005174
360275
49050081
47469135
27974769
79778385
54018249
76949896
49410289
50220933
82278440
36857693
62168263
78478925
51856707
391882
52089044
62398833
1916872
47728087
51535787
49734435
36818836
280580
5904798
286252
288536
2142741
41370818
32997839
60886820
76037291
2942865
47542612
317991
1821625
