85418734
41064304
38863982
73621662
79339670
52626251
16407470
1883927
47586249
2544022
29228676
355702
65864597
59315227
57912448
64581270
58561743
80749568
75298887
1466979
1504200
78477523
66905065
52628328
2131262
35246721
2132422
1681401
1821609
1603589
49206246
16755524
86098364
72297523
48391544
52732773
66932055
48779989
16980540
51583512
284090
1821857
48028383
78450344
49171433
60127098
68582778
51992950
51097850
2680217
50444692
55284934
51174572
63588666
283354
64118926
52539712
2136478
47721221
1612706
61766070
288239
49091575
1852905
83591663
52734010
41532013
66380771
82030177
66758856
1903433
52196873
64649382
376438
71359890
53031931
39095710
1897630
389792
36765868
52067702
51275225
38505543
1892191
2253053
33175859
60668059
84095045
80946553
1745877
38437386
1853188
1853766
47399972
2432431
29919312
64173343
76734626
288113
78786859
