70446973
73919622
78775864
54485092
2097594
2677534
18048100
1493461
32197090
30702143
83770977
65953936
51940611
52650123
2931850
1918282
359464
66510439
2060967
51263008
76929473
67272656
50867991
16463686
2198611
1821596
61896262
1520525
57818780
63370563
63950999
72793326
82059103
2103800
23625282
1522274
77193271
53807411
47628810
49184293
18371193
77959310
80259227
73780477
50673665
52609704
2843124
1897640
50278203
1821309
61392123
87655944
77958592
79818199
1473910
51939396
40962953
59977848
72213916
39817726
51583504
73898087
58875893
49352273
51475224
53963127
66754302
50707421
29861688
2415816
48076616
24743717
49127936
55892874
36543000
82362000
80217470
48079904
38980350
39800463
35535949
28972004
2038508
1853259
50688077
24701657
32993987
46828437
1848929
61426555
84689067
43614961
78943866
67840331
63118178
26142395
279255
57337490
55281529
36543062
