48437829
34941290
2677682
49303029
288175
379291
47331186
1466950
68324024
59047863
74651075
5827543
55150459
286050
377662
50035766
28718367
60520482
77017900
44735158
60580515
33585763
50967836
80554830
28334753
39182447
28788305
79723185
46687687
288050
23191425
36266065
87340605
1543805
5901454
64765193
288507
4005423
37114395
1853894
26195149
49413629
390457
359818
389315
288164
83710889
1432746
59712078
79881223
66680625
16042237
47945482
2155068
1770284
1821689
59879665
63953053
1834622
288106
36074916
2646768
24927724
24927812
54437667
48483037
2009943
38569957
40784224
2097910
16967462
23625289
55916897
33005819
288241
71460242
79785374
82787801
68541513
66731960
2251628
71382074
49527108
50157562
41551848
2900078
49273703
37221002
80882494
48360995
87391195
64965416
2427911
4965848
17369668
1847015
65896314
66968784
63725220
63113187
